r  b   swpd   free   buff  cache   si   so    bi    bo   in   cs us sy id wa st
 1  0 384372 117848  19780 369288    0    0     0     0 4534  751  2 31 66  0  0
 0  0 384372 117848  19780 369296    0    0     0     0 4375  861  5 27 69  0  0
 0  0 384372 117848  19780 369308    0    0     0     0 4012  817  3 31 65  0  0
 0  0 384372 117848  19788 369316    0    0     0    12 4990  923  4 42 54  0  0
 0  0 384372 117848  19788 369328    0    0     0     0 4427  918  3 33 64  0  0
 0  0 384372 117848  19788 369336    0    0     0     0 3477  916 11 27 63  0  0
 0  0 384372 117848  19788 369348    0    0     0     0 4130  993  1 39 60  0  0
 0  0 384372 117848  19788 369356    0    0     0     0 4675  884  4 51 45  0  0
 0  0 384372 117848  19796 369368    0    0     0    12 3798  885  2 37 60  0  0
 0  0 384372 117848  19796 369380    0    0     0     0 5145  976  7 52 41  0  0
 1  0 384372 117848  19796 369392    0    0     0     0 4792  963  6 59 36  0  0
 1  0 384372 117848  19796 369400    0    0     0     0 4050  872  6 51 44  0  0
 0  0 384372 117848  19796 369412    0    0     0     0 3581  885  5 53 42  0  0
 6  0 384372 117848  19804 369420    0    0     0    48 4186  964  5 49 45  1  0
 1  0 384372 117848  19804 369432    0    0     0     0 4291  991  5 70 25  0  0
 1  0 384372 117848  19804 369436    0    0     0     0 2229  794  7 78 16  0  0
 1  0 384372 117848  19804 369448    0    0     0     0 3160  829  4 70 26  0  0
 1  0 384372 117848  19804 369456    0    0     0     0 3488  868  4 68 28  0  0
 0  0 384372 117848  19812 369464    0    0     0    16 3231  879  5 59 36  0  0
 1  0 384372 117848  19812 369468    0    0     0     0 3120  674 10 49 41  0  0
 4  0 384372 117848  19812 369476    0    0     0     0 2287  757  4 77 20  0  0
 1  0 384372 117848  19812 369484    0    0     0     0 3259  899  7 54 39  0  0
 1  0 384372 117848  19812 369492    0    0     0     0 2919  927  6 60 34  0  0
 1  0 384372 117848  19820 369504    0    0     0    12 3009  774  6 51 43  0  0
 1  0 384372 117848  19820 369516    0    0     0     0 3415  911  6 55 38  0  0
 1  0 384372 117848  19820 369524    0    0     0     0 3146 1007 10 57 33  0  0
 1  0 384372 117848  19820 369528    0    0     0     0 3064  955  6 56 38  0  0
 0  0 384372 117848  19820 369536    0    0     0     0 1789  604 10 75 15  0  0
 1  0 384372 117848  19828 369544    0    0     0   280 1805  695  5 71 24  0  0
 1  0 384372 117848  19828 369552    0    0     0     0 2221  754 10 66 24  0  0
 3  0 384372 117848  19828 369556    0    0     0     0 2702  870 11 58 31  0  0
 3  0 384372 117848  19828 369564    0    0     0     0 2661  734  4 59 36  0  0
 1  0 384372 117848  19828 369572    0    0     0     0 1600  534  8 79 14  0  0
 8  0 384372 117848  19836 369576    0    0     0    24 2538  770  7 60 33  0  0
 1  0 384372 117848  19836 369580    0    0     0     0 2089  672 10 63 28  0  0
 3  0 384372 117848  19836 369592    0    0     0     0 2751  677 10 59 32  0  0
 1  0 384372 117848  19836 369600    0    0     0     0 2196  768  8 69 23  0  0
 3  0 384372 117848  19836 369604    0    0     0     0 1914  664  8 77 15  0  0
 4  0 384372 117848  19844 369612    0    0     0    12 2366  766  9 65 26  0  0
 1  0 384372 117848  19844 369616    0    0     0     0 2218  674  8 68 24  0  0
 1  0 384372 117848  19844 369624    0    0     0     0 2947  872 11 47 42  0  0
 1  0 384372 117848  19844 369628    0    0     0     0 1855  616  8 69 23  0  0
 0  0 384372 117848  19844 369636    0    0     0     0 2024  696  7 77 16  0  0
 2  0 384372 117848  19852 369648    0    0     0    12 2160  710 12 67 21  0  0
 1  0 384372 117848  19852 369652    0    0     0     4 2829  810  8 56 36  0  0
 3  0 384372 117848  19852 369660    0    0     0     0 1574  660 10 78 12  0  0
 3  0 384372 117848  19852 369668    0    0     0     0 2606  767  5 66 29  0  0
 0  0 384372 117848  19852 369676    0    0     0     0 2671  905  8 58 34  0  0
 0  0 384372 117848  19860 369680    0    0     0    12 2425  805 12 60 29  0  0
 2  0 384372 117848  19860 369684    0    0     0   156 2381  797  8 61 31  0  0
 3  0 384372 117848  19860 369692    0    0     0     0 1284  489  9 79 12  0  0
 1  0 384372 117848  19860 369700    0    0     0     0 2372  741  6 58 36  0  0
 0  0 384372 117848  19860 369704    0    0     0     0 2685  798  5 52 42  0  0
 1  0 384372 117848  19868 369712    0    0     0    24 2648  846 10 61 29  0  0
 5  0 384372 117848  19868 369720    0    0     0     0 2558  852 12 55 32  0  0
 0  0 384372 117848  19868 369724    0    0     0     0 2693  932 11 58 32  0  0
 1  0 384372 117848  19868 369736    0    0     0     0 2722  873  8 55 37  0  0
 1  0 384372 117848  19868 369740    0    0     0     0 2245  840 12 64 24  0  0
 1  0 384372 117848  19876 369748    0    0     0    16 2504  881  8 64 29  0  0
 1  0 384372 117848  19876 369756    0    0     0     0 2706 1002  8 69 24  0  0
 1  0 384372 117848  19876 369764    0    0     0     0 1889  692  6 75 19  0  0
 1  0 384372 117848  19876 369768    0    0     0     0 1995  665  8 64 29  0  0
 1  0 384372 117848  19876 369780    0    0     0     0 2517  723 10 54 36  0  0
 2  0 384372 117848  19884 369784    0    0     0    12 2450  866 11 62 27  0  0
 3  0 384372 117848  19884 369788    0    0     0   108 2529  892  7 60 32  0  0
 7  0 384372 117848  19884 369796    0    0     0     0 1799  680 21 60 19  0  0
 1  0 384372 117848  19884 369804    0    0     0     0 2407  756  9 54 38  0  0
 6  0 384372 117848  19884 369808    0    0     0     0 2635  872  8 60 32  0  0
 1  0 384372 117848  19892 369816    0    0     0    24 2687  998 13 56 31  0  0
11  0 384372 117848  19892 369824    0    0     0     0 2500  921  9 55 36  0  0
 1  0 384372 117848  19892 369828    0    0     0     0 2411  780  6 60 33  0  0
 1  0 384372 117848  19892 369836    0    0     0     0 2075  859  6 67 27  0  0
 1  0 384372 117848  19892 369840    0    0     0     0 2650  904 14 50 36  0  0
 1  0 384372 117848  19900 369852    0    0     0    12 2649  958  8 58 34  0  0
 2  0 384372 117848  19900 369860    0    0     0     0 2481 1004 10 58 32  0  0
 1  0 384372 117848  19900 369864    0    0     0     0 2049  823 11 70 20  0  0
 1  0 384372 117848  19900 369872    0    0     0     0 2442  952 10 55 36  0  0
 2  0 384372 117848  19900 369872    0    0     0     0 2310  932  8 65 28  0  0
 3  0 384372 117848  19908 369884    0    0     0    12 1510  655  9 79 12  0  0
10  0 384372 117848  19908 369888    0    0     0     0 2316  843 11 64 25  0  0
 3  0 384372 117848  19908 369896    0    0     0     0 2062  771 11 64 25  0  0
 1  0 384372 117848  19908 369908    0    0     0     0 2168  853  9 66 25  0  0
 9  0 384372 117848  19908 369912    0    0     0     0 1629  650 11 74 15  0  0
 2  0 384372 117848  19916 369920    0    0     0    12 2062  739  8 65 25  1  0
 1  0 384372 117848  19916 369924    0    0     0     0 2048  757 10 66 24  0  0
 1  0 384372 117848  19916 369932    0    0     0     0 2340  868 13 55 32  0  0
 5  0 384372 117848  19916 369936    0    0     0     0 2448  962 11 58 31  0  0
 0  0 384372 117848  19916 369944    0    0     0     0 2465  946  8 59 33  0  0
 6  0 384372 117848  19924 369940    0    0     0    12 2823 1023  8 49 43  0  0
 1  0 384372 117848  19924 369956    0    0     0     0 1695  674 10 71 19  0  0
 2  0 384372 117848  19924 369956    0    0     0     0 2714  925  8 53 39  0  0
 5  0 384372 117848  19924 369964    0    0     0     0 1876  737  6 74 21  0  0
 3  0 384372 117848  19924 369968    0    0     0     0 2774  945  8 54 38  0  0
 2  0 384372 117848  19932 369980    0    0     0    12 2336  930  9 64 27  0  0
 2  0 384372 117848  19932 369988    0    0     0     0 2654  980 12 56 32  0  0
 1  0 384372 117848  19932 369996    0    0     0   196 2252  861 12 62 26  0  0
 2  0 384372 117848  19932 370000    0    0     0     0 1776  683  9 71 21  0  0
 1  0 384372 117848  19932 370000    0    0     0     0 2869 1004  4 53 43  0  0
 1  0 384372 117848  19940 370012    0    0     0    24 2175  853 12 65 23  0  0
 1  0 384372 117848  19940 370016    0    0     0     0 2507  978  8 64 28  0  0
16  0 384372 117848  19940 370032    0    0     0    12 1891  833  9 70 22  0  0
 4  0 384372 117848  19940 370040    0    0     0     0 2308  872 10 60 30  0  0
 0  0 384372 117848  19940 370040    0    0     0     0 2388  930  8 63 29  0  0
 1  0 384372 117848  19948 370052    0    0     0    12 1464  737 12 77 11  0  0
 1  0 384372 117848  19948 370056    0    0     0     0 2479  932  9 60 31  0  0
 1  0 384372 117848  19948 370068    0    0     0     0 2328  936  6 58 36  0  0
 1  0 384372 117848  19948 370068    0    0     0     0 2436  907  9 65 26  0  0
 1  0 384372 117848  19948 370080    0    0     0     0 2166  899  9 66 26  0  0
 1  0 384372 117848  19956 370088    0    0     0    12 1905  806  7 73 20  0  0
 1  0 384372 117848  19956 370092    0    0     0     0 2024  752 11 59 30  0  0
 1  0 384372 117848  19956 370096    0    0     0     0 2069  776 12 66 22  0  0
 1  0 384372 117848  19956 370100    0    0     0     0 2389  899 11 63 27  0  0
 9  0 384372 117848  19956 370108    0    0     0     0 2097  850  9 66 25  0  0
 9  1 384372 117848  19964 370104    0    0     0    12  928  516  8 88  4  0  0
 1  0 384372 117848  19964 370116    0    0     0     0 2392  900 10 60 30  0  0
 1  0 384372 117848  19964 370124    0    0     0     0 1462  673 10 74 16  0  0
11  0 384372 117848  19964 370128    0    0     0     0 2084  684  8 71 21  0  0
 1  0 384372 117848  19964 370136    0    0     0     0 2621  790 10 67 23  0  0
 2  0 384372 117848  19972 370140    0    0     0    12 1838  797  8 71 21  0  0
 3  0 384372 117848  19972 370148    0    0     0     0 2089  841 11 68 21  0  0
 2  0 384372 117848  19972 370148    0    0     0     0 1743  712 10 68 22  0  0
11  0 384372 117848  19972 370164    0    0     0     0 2629  946  6 53 41  0  0
 2  0 384372 117848  19972 370172    0    0     0     0 1827  742 10 68 22  0  0
 1  0 384372 117848  19980 370176    0    0     0    12 2083  879 11 61 28  0  0
 3  0 384372 117848  19980 370176    0    0     0     0 1712  696  9 72 19  0  0
 0  0 384372 117848  19980 370188    0    0     0   192 1089  606 17 76  8  0  0
22  0 384372 117848  19980 370188    0    0     0     0 1130  556  9 81 10  0  0
 4  0 384372 117848  19980 370200    0    0     0     0 2272  867 10 59 32  0  0
 1  0 384372 117848  19988 370204    0    0     0    24 2223  835 13 61 26  0  0
 1  0 384372 117848  19996 370208    0    0     0    28 1499  653  9 76 15  0  0
 2  0 384372 117848  19996 370216    0    0     0     0 1577  649  6 80 14  0  0
 0  0 384372 117848  19996 370220    0    0     0     0 2089  816 12 65 23  0  0
 6  0 384372 117848  19996 370224    0    0     0     0 1711  675 10 75 15  0  0
 1  0 384372 117848  19996 370232    0    0     0     0 2095  825  9 66 25  0  0
 1  0 384372 117848  20004 370240    0    0     0    12 1941  763 10 66 25  0  0
 1  0 384372 117848  20004 370244    0    0     0    20 2247  852 11 62 27  0  0
 0  0 384372 117848  20004 370252    0    0     0     0 2499  921 10 54 36  0  0
 2  0 384372 117848  20004 370256    0    0     0     0 2187  837 12 60 28  0  0
 1  0 384372 117848  20004 370264    0    0     0     0 1802  742  8 73 18  0  0
 1  0 384372 117848  20012 370268    0    0     0    12 1881  767  5 71 22  1  0
 0  0 384372 117848  20012 370268    0    0     0     0 2737  997 11 55 35  0  0
 2  0 384372 117848  20012 370284    0    0     0     0 2123  841  9 63 28  0  0
 1  0 384372 117848  20012 370284    0    0     0     0 2127  797  7 71 22  0  0
 1  0 384372 117848  20012 370300    0    0     0     0 1962  728  9 68 23  0  0
 5  0 384372 117848  20020 370304    0    0     0    12 2399  792  7 59 34  0  0
 8  0 384372 117848  20020 370312    0    0     0     0 2012  730  8 68 24  0  0
 2  0 384372 117848  20020 370316    0    0     0     0 2369  818 11 60 29  0  0
 2  0 384372 117848  20020 370320    0    0     0     0 1502  576  6 77 16  0  0
 8  1 384372 117848  20020 370328    0    0     0     0 2070  714 10 67 23  0  0
 2  0 384372 117848  20028 370332    0    0     0    12 2146  827 10 65 25  0  0
 1  0 384372 117848  20028 370332    0    0     0     0 2737  982 12 51 37  0  0
 2  0 384372 117848  20028 370344    0    0     0     0 2527  934  9 61 30  0  0
13  0 384372 117848  20028 370348    0    0     0     0 1445  621  8 79 13  0  0
 1  0 384372 117848  20028 370356    0    0     0     0 2499  953  9 53 38  0  0
 1  0 384372 117848  20036 370360    0    0     0    12 2906 1065 10 45 45  0  0
 2  0 384372 117848  20036 370368    0    0     0     0 1937  681 10 67 23  0  0
 1  0 384372 117848  20036 370372    0    0     0   184 2571 1014 13 57 30  0  0
 1  0 384372 117848  20036 370372    0    0     0     0 1625  669  8 79 12  0  0
 1  0 384372 117848  20036 370384    0    0     0     0 2209  793  8 63 29  0  0
13  0 384372 117848  20044 370392    0    0     0    24 2137  817 12 66 22  0  0
13  0 384372 117848  20044 370396    0    0     0     0 1716  759  6 80 14  0  0
 1  0 384372 117848  20044 370408    0    0     0     0 1426  649  5 80 15  0  0
 3  0 384372 117848  20044 370412    0    0     0     0 1535  705 11 72 17  0  0
 5  0 384372 117848  20044 370420    0    0     0     0 1191  530  6 83 12  0  0
 1  0 384372 117848  20052 370424    0    0     0    12 1946  673  5 71 25  0  0
 7  0 384372 117848  20052 370432    0    0     0     0 1881  689 12 66 22  0  0
 3  0 384372 117848  20052 370440    0    0     0     0 1962  774  8 73 19  0  0
 1  0 384372 117848  20052 370444    0    0     0     0 1701  686 13 66 21  0  0
 1  0 384372 117848  20052 370444    0    0     0     0 1770  668  9 72 19  0  0
 2  0 384372 117848  20060 370456    0    0     0    12 1934  721  9 66 26  0  0
 2  0 384372 117848  20060 370460    0    0     0     0 2044  759  9 65 26  0  0
 6  0 384372 117848  20060 370468    0    0     0    12 1866  779  7 70 22  0  0
 3  0 384372 117848  20060 370472    0    0     0     0 2267  927  8 59 33  0  0
10  0 384372 117848  20060 370480    0    0     0     0 2101  734  9 61 30  0  0
 2  0 384372 117848  20068 370484    0    0     0    12 2162  837  7 62 31  0  0
 2  0 384372 117848  20068 370492    0    0     0     0 2227  846 11 68 21  0  0
 1  0 384372 117848  20068 370496    0    0     0     0 2522  920  8 56 36  0  0
 1  0 384372 117848  20068 370504    0    0     0     0 1936  722  5 72 23  0  0
 1  0 384372 117848  20068 370508    0    0     0     0 1816  740  6 72 22  0  0
 4  0 384372 117848  20076 370516    0    0     0    12 2469  886  8 57 34  1  0
 2  0 384372 117848  20076 370524    0    0     0     0 2017  823  8 71 22  0  0
 5  0 384372 117848  20076 370528    0    0     0     0 1741  706  8 70 22  0  0
 1  0 384372 117596  20076 370540    0    0     0     0 2347  860 10 59 32  0  0
 0  0 384372 117596  20076 370544    0    0     0     0 2302  960 10 63 27  0  0
 7  0 384372 117596  20084 370552    0    0     0    12 2431  937 18 55 27  0  0
 1  0 384372 117596  20084 370560    0    0     0     0 1774  796 15 61 24  0  0
 1  0 384372 117596  20084 370568    0    0     0   192 2187  817  8 68 24  0  0
 2  0 384372 117596  20084 370572    0    0     0     0 2488 1011 13 58 29  0  0
 0  0 384372 117596  20084 370580    0    0     0     0 2298  945 11 64 25  0  0
 6  0 384372 117596  20092 370588    0    0     0    24 2129  863 10 65 25  0  0
 1  0 384372 117596  20092 370592    0    0     0     0 1194  577  8 81 11  0  0
 1  0 384372 117596  20092 370596    0    0     0     0 1253  590  5 85  9  0  0
 1  0 384372 117596  20092 370600    0    0     0     0 2094  802  7 69 24  0  0
 2  0 384372 117596  20092 370608    0    0     0     0 1713  691  8 75 17  0  0
 1  0 384372 117596  20100 370632    0    0     0    12 1189  622  5 85  9  0  0
 2  0 384372 117596  20100 370636    0    0     0     0 2193  667  7 65 28  0  0
16  0 384372 117596  20100 370640    0    0     0     0 1243  523  7 82 11  0  0
 9  0 384372 117596  20100 370648    0    0     0     0 1740  647  5 69 26  0  0
 2  0 384372 117596  20100 370652    0    0     0     0 2090  766 10 62 29  0  0
 1  0 384372 117596  20108 370656    0    0     0    12 1702  650 10 68 22  0  0
 9  0 384372 117596  20108 370664    0    0     0     0 1454  574  8 75 17  0  0
 3  0 384372 117596  20108 370668    0    0     0     0 2062  790  9 63 28  0  0
 2  0 384372 117596  20108 370680    0    0     0     0 1248  563 12 76 12  0  0
 3  0 384372 117596  20108 370684    0    0     0     0 2017  796  9 63 29  0  0
12  0 384372 117596  20116 370688    0    0     0    12 1521  682 10 77 14  0  0
 1  0 384372 117596  20116 370696    0    0     0     0 2390  896  8 59 33  0  0
 0  0 384372 117596  20116 370704    0    0     0     0 2337  848  9 64 27  0  0
 3  0 384372 117596  20116 370708    0    0     0     0 2448  872  7 57 36  0  0
 9  0 384372 117596  20116 370716    0    0     0     0 1385  594  7 81 12  0  0
 1  0 384372 117596  20124 370720    0    0     0    12 2462  888  7 57 36  0  0
 5  0 384372 117596  20124 370724    0    0     0     0 2232  738 11 60 29  0  0
 1  0 384372 117596  20124 370732    0    0     0     0 2125  802  8 63 28  0  0
 6  0 384372 117596  20124 370736    0    0     0     0 1862  712  8 71 21  0  0
 0  0 384372 117596  20124 370744    0    0     0     0 2358  798  7 57 36  0  0
 0  0 384372 117596  20132 370748    0    0     0    12 1447  598 10 76 14  0  0
12  0 384372 117596  20132 370756    0    0     0     0 2528  835  7 63 30  0  0
 1  0 384372 117596  20132 370760    0    0     0     0 2328  813  6 64 31  0  0
 1  0 384372 117596  20132 370772    0    0     0   184 1504  708  8 75 17  0  0
 1  0 384372 117596  20132 370772    0    0     0     0 2236  841  6 70 23  0  0
 0  0 384372 117596  20140 370784    0    0     0    24 2660  956  8 56 35  1  0
 4  0 384372 117596  20140 370788    0    0     0     0 1758  761  7 75 18  0  0
 1  0 384372 117596  20140 370792    0    0     0     0 2304  768  8 58 33  0  0
16  0 384372 117596  20140 370800    0    0     0    12 1819  666 11 69 20  0  0
 2  0 384372 117596  20140 370808    0    0     0     0 2541  858  7 54 38  0  0
 2  0 384372 117596  20148 370816    0    0     0    12 1963  778  8 67 25  0  0
15  0 384372 117596  20148 370820    0    0     0     0 1499  627  9 78 13  0  0
 2  0 384372 117596  20148 370824    0    0     0     0 2150  821  8 66 26  0  0
 1  0 384372 117596  20148 370832    0    0     0     0 1267  613 11 81  8  0  0
 2  0 384372 117596  20148 370836    0    0     0     0 2443  745  7 58 36  0  0
 1  0 384372 117596  20156 370840    0    0     0    12 2173  788  8 62 30  0  0
 5  0 384372 117596  20156 370852    0    0     0     0 2362  998  9 64 27  0  0
 1  0 384372 117596  20156 370856    0    0     0     0 1317  568  9 78 13  0  0
10  0 384372 117596  20156 370860    0    0     0     0 1285  587  8 82 11  0  0
 1  0 384372 117596  20156 370868    0    0     0     0 1272  630  5 82 13  0  0
 5  0 384372 117596  20164 370872    0    0     0    12 2370  820 10 58 33  0  0
 2  0 384372 117596  20164 370880    0    0     0     0 2217  818 14 55 31  0  0
 4  0 384372 117596  20164 370880    0    0     0     0 1993  816 11 60 29  0  0
 3  0 384372 117596  20164 370888    0    0     0     0 1811  670  9 66 26  0  0
 2  0 384372 117596  20164 370896    0    0     0     0 1019  467 10 83  7  0  0
 8  0 384372 117596  20172 370900    0    0     0    12 1803  669  9 63 28  0  0
 8  0 384372 117596  20172 370904    0    0     0     0 1499  599  5 77 18  0  0
 4  0 384372 117596  20172 370908    0    0     0     0  744  512  6 90  4  0  0
 1  0 384372 117596  20172 370916    0    0     0     0 2073  763  6 68 26  0  0
11  0 384372 117596  20172 370920    0    0     0     0 1635  596  8 66 25  0  0
 1  0 384372 117596  20180 370932    0    0     0    12 1993  857 18 61 21  0  0
 1  0 384372 117596  20180 370936    0    0     0     0 2156  790  8 70 22  0  0
 0  0 384372 117596  20180 370944    0    0     0     0 2451  805  8 64 28  0  0
 6  0 384372 117596  20180 370948    0    0     0   180 1386  614  9 80 11  0  0
 0  0 384372 117596  20180 370952    0    0     0     0 1960  750  5 70 25  0  0
 1  0 384372 117596  20188 370960    0    0     0    24 1708  647  8 71 21  0  0
 1  0 384372 117596  20188 370964    0    0     0     0 1694  771  7 72 20  0  0
 1  0 384372 117596  20188 370972    0    0     0     0 2207  811  5 71 24  0  0
 1  0 384372 117596  20188 370976    0    0     0     0 1958  787  5 67 28  0  0
14  0 384372 117596  20188 370980    0    0     0     0 1521  541  6 77 17  0  0
 5  0 384372 117596  20196 370984    0    0     0    12 1453  598  8 79 13  0  0
 6  0 384372 117596  20196 370992    0    0     0     0 2089  779 11 58 32  0  0
 1  0 384372 117596  20196 371000    0    0     0     0 1809  731  5 74 21  0  0
 4  0 384372 117596  20196 371004    0    0     0     0 2122  758  8 63 29  0  0
 2  0 384372 117596  20196 371012    0    0     0     0 2270  883  8 64 28  0  0
12  0 384372 117596  20204 371012    0    0     0    12 1537  696  7 75 18  0  0
 2  0 384372 117596  20204 371024    0    0     0     0 2323  944 10 61 30  0  0
 1  0 384372 117596  20204 371024    0    0     0     0 2531  948  6 58 36  0  0
 1  0 384372 117596  20204 371036    0    0     0     0 1636  671 14 69 18  0  0
 5  0 384372 117596  20204 371040    0    0     0     0 1125  484  7 81 12  0  0
 1  0 384372 117596  20212 371044    0    0     0    12 2154  835  6 64 29  0  0
 3  0 384372 117596  20212 371044    0    0     0     0 1966  766  8 65 26  0  0
 2  0 384372 117596  20212 371060    0    0     0     0 1699  667 11 71 18  0  0
 2  0 384372 117596  20212 371060    0    0     0     0 2357  826  8 62 30  0  0
 1  0 384372 117596  20212 371072    0    0     0     0 1720  804  9 57 33  0  0
 1  0 384372 117596  20220 371064    0    0     0    12 1751  725  9 72 18  0  0
 1  0 384372 117596  20220 371084    0    0     0     0 2354  809  6 57 36  0  0
 1  0 384372 117596  20220 371088    0    0     0     0 1855  767 11 70 20  0  0
 3  0 384372 117596  20220 371096    0    0     0     0 2176  807  6 68 26  0  0
 1  0 384372 117596  20220 371100    0    0     0     0 2122  800  6 65 29  0  0
 8  0 384372 117596  20228 371108    0    0     0    12 1772  785 11 71 19  0  0
 1  0 384372 117596  20228 371116    0    0     0     0 2021  830  7 71 22  0  0
 0  0 384372 117596  20228 371120    0    0     0     0 1861  828  4 75 21  0  0
 2  0 384372 117596  20228 371124    0    0     0     0 1719  645  8 73 19  0  0
 5  0 384372 117596  20228 371128    0    0     0   180 1755  728  5 74 21  0  0
16  0 384372 117596  20236 371136    0    0     0    24 2089  730 11 61 27  0  0
 1  0 384372 117596  20236 371144    0    0     0     0 2386  819  7 60 33  0  0
19  0 384372 117596  20244 371148    0    0     0    40 1408  655  8 83  9  0  0
 1  0 384372 117596  20244 371156    0    0     0     0 2123  922  6 66 27  0  0
 1  0 384372 117596  20244 371164    0    0     0    12 2041  887 12 71 18  0  0
 1  0 384372 117596  20244 371168    0    0     0     0 1436  650  7 76 18  0  0
 4  0 384372 117596  20244 371176    0    0     0     0 2416  872  4 58 38  0  0
 3  0 384372 117596  20252 371184    0    0     0    44 2064  856  8 67 25  0  0
12  0 384372 117596  20252 371192    0    0     0     0 1831  734  8 71 21  0  0
14  0 384372 117596  20252 371192    0    0     0     0 2376  957  9 59 33  0  0
 4  0 384372 117596  20252 371200    0    0     0     0 1777  649  6 77 17  0  0
 6  0 384372 117596  20252 371204    0    0     0     0 1641  701  7 80 13  0  0
15  0 384372 117596  20260 371208    0    0     0    12 1591  708 10 67 23  0  0
 0  0 384372 117596  20260 371216    0    0     0     0 2138  769  8 62 30  0  0
 4  0 384372 117596  20260 371220    0    0     0     0 1312  644 12 74 14  0  0
 2  0 384372 117596  20260 371228    0    0     0     0 1897  752  9 71 20  0  0
 2  0 384372 117596  20260 371236    0    0     0     0 1561 1008 15 66 19  0  0
13  0 384372 117596  20268 371240    0    0     0    12 1055  643 19 76  5  0  0
