 r  b   swpd   free   buff  cache   si   so    bi    bo   in   cs us sy id wa st
 2  0 410384  78600  21460 423928    0    0     0     0 1113  305  0  6 94  0  0
 0  0 410384  78600  21460 423932    0    0     0     0 1600  403  0 10 90  0  0
 0  0 410384  78600  21460 423932    0    0     0     0 1792  404  0  8 92  0  0
 0  0 410384  78600  21460 423936    0    0     0     0 1563  370  0  9 91  0  0
 0  0 410384  78600  21460 423936    0    0     0     0 1379  409  0  7 93  0  0
 0  0 410384  78600  21468 423940    0    0     0    12 1512  405  0  7 93  0  0
 0  0 410384  78600  21468 423944    0    0     0     0 1153  391  1  8 91  0  0
 1  1 410384  78600  21468 423948    0    0     0     0 1582  405  1  7 91  0  0
 0  0 410384  78600  21468 423948    0    0     0     0 1177  370  1  4 95  0  0
 0  0 410384  78600  21468 423952    0    0     0     0 1240  423  1  4 95  0  0
 0  0 410384  78600  21476 423944    0    0     0    12 1900  456  0 12 88  0  0
 0  0 410384  78600  21476 423956    0    0     0     0 1494  402  1  8 91  0  0
 0  0 410384  78600  21476 423956    0    0     0     0 1654  479  1  7 92  0  0
 0  0 410384  78600  21476 423960    0    0     0     0 1473  405  0 10 90  0  0
 2  0 410384  78600  21476 423960    0    0     0     0 1343  635  2  9 89  0  0
 0  0 410384  78600  21484 423984    0    0     0    12 1549 1339 21 12 67  0  0
 0  0 410384  78600  21484 423988    0    0     0     0 1496  372  1  8 91  0  0
 0  0 410384  78600  21484 423988    0    0     0     0 1190  424  1  4 95  0  0
 0  0 410384  78600  21484 423992    0    0     0     0 1511  423  1 10 89  0  0
 0  0 410384  78600  21484 423992    0    0     0     0 1348  361  0  8 92  0  0
 1  0 410384  78600  21492 423996    0    0     0    12 1109  409  1  7 91  1  0
 0  0 410384  78600  21492 424000    0    0     0     0 1282  393  2  7 91  0  0
 0  0 410384  78600  21492 424004    0    0     0     0 1035  411  1  5 94  0  0
 0  0 410384  78600  21492 424004    0    0     0     0 1541  401  1  7 91  0  0
 0  0 410384  78600  21492 424008    0    0     0     0 1821  443  2 10 88  0  0
 0  0 410384  78600  21500 424000    0    0     0    12 1375  446  4  8 88  0  0
 0  0 410384  78600  21500 424012    0    0     0     0 1299  386  0  9 91  0  0
 0  0 410384  78600  21500 424012    0    0     0     0  922  362  1  2 97  0  0
 0  0 410384  78600  21500 424016    0    0     0     0 1066  341  1  5 94  0  0
 0  0 410384  78600  21500 424016    0    0     0     0 1038  330  0  1 99  0  0
 0  0 410384  78600  21508 424020    0    0     0    12 2030  511  1 12 87  0  0
 0  0 410384  78600  21508 424020    0    0     0    76 1713  353  1  6 92  0  0
 0  0 410384  78600  21508 424024    0    0     0     0  981  317  1  4 95  0  0
 0  0 410384  78600  21508 424024    0    0     0     0 1294  383  1  5 94  0  0
 0  0 410384  78600  21508 424028    0    0     0     0 1387  391  2  6 92  0  0
 0  0 410384  78600  21516 424020    0    0     0    24 1170  365  0  1 99  0  0
 0  0 410384  78600  21516 424032    0    0     0     0 1427  427  1  7 92  0  0
 0  0 410384  78600  21516 424032    0    0     0     0  921  377  0  5 95  0  0
 0  0 410384  78600  21516 424036    0    0     0     0 1248  382  1  4 95  0  0
 0  0 410384  78152  21516 424036    0    0     0     0 1738  430  1  9 90  0  0
 0  0 410384  78152  21524 424044    0    0     0    12 1352  421  1  6 93  0  0
 0  0 410384  78152  21524 424044    0    0     0    28 1627  406  1  8 91  0  0
 0  0 410384  78152  21524 424048    0    0     0     0 1851  427  0  9 91  0  0
 0  0 410384  78152  21524 424048    0    0     0     0 1359  389  1  5 94  0  0
 0  0 410384  78152  21524 424052    0    0     0     0 1393  381  0  7 93  0  0
 0  0 410384  78152  21532 424044    0    0     0    24 1026  375  1  4 94  1  0
 0  0 410384  78152  21532 424056    0    0     0     0 1299  391  0  5 95  0  0
 2  0 410384  78152  21532 424056    0    0     0     0 1456  393  2  7 91  0  0
 0  0 410384  78152  21532 424056    0    0     0     0 1345  365  1  6 93  0  0
 0  0 410384  78152  21532 424060    0    0     0     0 1373  371  1  5 94  0  0
 1  0 410384  78152  21540 424056    0    0     0    12  906  315  0  4 96  0  0
 0  0 410384  78152  21540 424068    0    0     0     0 1497  388  2  6 92  0  0
 0  0 410384  78152  21540 424068    0    0     0     0 1239  392  0  5 95  0  0
 0  0 410384  78152  21540 424072    0    0     0     0 1203  349  1  5 94  0  0
 0  0 410384  78152  21540 424072    0    0     0     0 1921  405  1  8 91  0  0
 0  0 410384  78152  21548 424076    0    0     0    12 1596  354  1  9 90  0  0
 0  0 410384  78152  21548 424076    4    0     4     0 1498  360  1  8 91  0  0
 0  0 410384  78152  21548 424080    0    0     0     0 1627  344  0  7 93  0  0
 0  0 410384  78152  21548 424080    0    0     0     0 1283  437  2  6 92  0  0
 0  0 410384  78152  21548 424080    0    0     0     0  844  364  0  3 97  0  0
 0  0 410384  78152  21556 424084    0    0     0    12 1499  417  1  6 93  0  0
 0  0 410384  78152  21556 424084    0    0     0     0 1242  348  1  6 93  0  0
 0  0 410384  78152  21556 424088    0    0     0     0 1261  355  0  5 95  0  0
 0  0 410384  78152  21556 424088    0    0     0     0 1432  464  0  9 91  0  0
 0  0 410384  78152  21556 424096    0    0     0     0 1235  345  2  4 94  0  0
 0  0 410384  78152  21564 424088    0    0     0    12  943  376  0  3 97  0  0
 1  0 410384  78152  21564 424100    0    0     0     0 1599  408  1  9 90  0  0
 0  0 410384  78152  21564 424100    0    0     0     0 1399  381  2  5 93  0  0
 0  0 410384  78152  21564 424104    0    0     0     0 1066  375  0  6 94  0  0
 0  0 410384  78152  21564 424104    0    0     0     0 1857  463  0  7 93  0  0
 0  0 410384  78152  21564 424108    0    0     0     0 1370  449  1  8 91  0  0
 0  0 410384  78152  21572 424108    0    0     0    12 1295  395  0  6 93  1  0
 0  0 410384  78152  21572 424108    0    0     0    68 1257  443  1  6 92  0  0
 0  0 410384  78152  21572 424112    0    0     0     0 1486  380  0  5 95  0  0
 0  0 410384  78152  21572 424116    0    0     0     0 1122  336  1  5 94  0  0
 0  0 410384  78152  21572 424116    0    0     0     0 1202  370  1  6 93  0  0
 0  0 410384  78152  21580 424120    0    0     0    24  933  336  1  3 96  0  0
 2  0 410384  78152  21580 424120    0    0     0    12 1198  412  0  6 94  0  0
 0  0 410384  78152  21580 424124    0    0     0     0 1399  402  2  7 91  0  0
 0  0 410384  78152  21580 424124    0    0     0     0 1271  394  0 10 90  0  0
 0  0 410384  78152  21580 424128    0    0     0     0 1467  374  0  6 94  0  0
 0  0 410384  78152  21588 424120    0    0     0    12 1699  425  1  7 91  0  0
 0  0 410384  78152  21588 424132    0    0     0     0 1363  386  0  7 93  0  0
 0  0 410384  78152  21588 424132    0    0     0     0  839  328  1  3 96  0  0
 0  0 410384  78152  21588 424136    0    0     0     0 1277  452  4  5 91  0  0
 0  0 410384  78152  21588 424136    0    0     0     0 1699  441  2 12 86  0  0
 0  0 410384  78152  21596 424140    0    0     0    12 1395  422  0  5 95  0  0
 0  0 410384  78152  21596 424140    0    0     0     0 1309  430  0  3 97  0  0
 0  0 410384  78152  21596 424148    0    0     0     0 1365  365  0  9 91  0  0
 0  0 410384  78152  21596 424148    0    0     0     0 1115  338  1  4 95  0  0
 0  0 410384  78152  21596 424148    0    0     0     0 1117  381  1  5 94  0  0
 0  0 410384  78152  21604 424152    0    0     0    12 1794  397  1 11 88  0  0
 0  0 410384  78152  21604 424152    0    0     0     0 1121  331  1  3 96  0  0
 0  0 410384  78152  21604 424156    0    0     0     0 1473  398  1  8 91  0  0
 0  0 410384  78152  21604 424160    0    0     0     0  895  360  1  3 96  0  0
 0  0 410384  78152  21604 424160    0    0     0     0 1432  341  1  7 91  0  0
 0  0 410384  78152  21612 424152    0    0     0    12 1193  385  1  5 94  0  0
 0  0 410384  78152  21612 424164    0    0     0     0  990  387  0  3 97  0  0
 0  0 410384  78152  21612 424168    0    0     0     0 1197  386  1  8 91  0  0
 0  0 410384  78152  21612 424168    0    0     0     0 1115  382  0  6 94  0  0
 0  0 410384  78152  21612 424172    0    0     0     0 1207  353  1  5 94  0  0
 0  0 410384  78152  21620 424164    0    0     0    12 1172  370  2  5 93  0  0
 0  0 410384  78152  21620 424176    0    0     0     0  984  391  0  5 95  0  0
 0  0 410384  78152  21620 424176    0    0     0    72 1416  379  2  7 91  0  0
 0  0 410384  78152  21620 424180    0    0     0     0 1188  354  1  4 95  0  0
 0  0 410384  78152  21620 424180    0    0     0     0  846  351  1  2 97  0  0
 0  0 410384  78152  21628 424184    0    0     0    24 1501  384  0  6 93  1  0
 0  0 410384  78152  21628 424184    0    0     0     0  963  365  0  1 99  0  0
 0  0 410384  78152  21628 424188    0    0     0     0 1350  360  0  5 95  0  0
 0  0 410384  78152  21628 424188    0    0     0     0 1608  370  0  6 94  0  0
 0  0 410384  78152  21628 424192    0    0     0     0 1100  365  1  6 93  0  0
 0  0 410384  78152  21636 424184    0    0     0    12 1541  439  1  9 89  0  0
 0  0 410384  78152  21636 424196    0    0     0     0 1179  363  0  7 93  0  0
 0  0 410384  78152  21636 424200    0    0     0     0 1323  392  1  5 94  0  0
 0  0 410384  78152  21636 424200    0    0     0     0 1400  383  0  3 97  0  0
 0  0 410384  78152  21636 424204    0    0     0     0 1285  331  1  9 90  0  0
 0  0 410384  78152  21644 424196    8    0     8    12 1060  390  0  5 95  0  0
 0  0 410384  78152  21644 424208    0    0     0     0 1405  449  1  9 90  0  0
 0  0 410384  78152  21644 424208    0    0     0    36 1031  349  0  5 95  0  0
 1  0 410384  78152  21644 424212    0    0     0     0 1210  362  1  4 95  0  0
 0  0 410384  78152  21644 424212    0    0     0     0 1248  431  0  6 94  0  0
 0  0 410384  78152  21652 424216    0    0     0    24 1548  424  2  8 89  0  0
 0  0 410384  78152  21652 424216    0    0     0     0 1261  377  0  5 95  0  0
 4  0 410384  78152  21652 424220    0    0     0     0 1490  468  1  7 92  0  0
 0  0 410384  78152  21652 424224    0    0     0     0 1193  343  1  6 93  0  0
 0  0 410384  78152  21652 424224    0    0     0     0 1062  388  0  4 96  0  0
 0  0 410384  78152  21660 424216    0    0     0    12 1721  431  2  8 88  1  0
 0  0 410384  78152  21660 424232    0    0     0     0 1328  397  0  5 95  0  0
 0  0 410384  78152  21660 424232    0    0     0     0 1310  396  2  7 91  0  0
 0  0 410384  78152  21660 424232    0    0     0     0 1423  444  0  9 91  0  0
 0  0 410384  78152  21660 424236    0    0     0     0  820  311  1  2 97  0  0
 0  0 410384  78152  21668 424228    0    0     0    12 1219  380  1  6 93  0  0
 0  0 410384  78152  21668 424240    0    0     0     0 1206  432  0  4 96  0  0
 0  0 410384  78152  21668 424240    0    0     0     0  765  370  1  3 96  0  0
 0  0 410384  78152  21668 424244    0    0     0     0 1013  413  1  5 94  0  0
 0  0 410384  78152  21668 424244    0    0     0     0 1856  489  0 10 90  0  0
 0  0 410384  78152  21676 424248    0    0     0    12 1141  409  1  4 95  0  0
 0  0 410384  78152  21676 424252    0    0     0     0  890  401  1  6 93  0  0
 0  0 410384  78152  21676 424256    0    0     0     0 1530  418  0  9 91  0  0
 0  0 410384  78152  21676 424256    0    0     0     0  957  328  1  5 94  0  0
 0  0 410384  78152  21676 424256    0    0     0     0 1121  368  1  7 92  0  0
 0  0 410384  78152  21684 424260    0    0     0    16 2016  466  2 10 88  0  0
 1  0 410384  78152  21684 424260    0    0     0     0 1323  376  1  5 94  0  0
 0  0 410384  78152  21684 424264    0    0     0     0 1513  332  0  5 95  0  0
 0  0 410384  78152  21684 424268    0    0     0     0 1511  393  3  7 89  0  0
 0  0 410384  78152  21684 424268    0    0     0     0 1523  368  1  8 91  0  0
 0  0 410384  78152  21692 424272    0    0     0    44  938  403  1  4 95  0  0
 0  0 410384  78152  21692 424272    0    0     0     0 1251  431  0  5 95  0  0
 0  0 410384  78152  21708 424676    0    0   264   108 1581  862  4  8 86  1  0
 1  0 410384  78152  21708 425504    0    0   729    72 1382  411  2  7 91  0  0
 0  0 410384  78152  21708 425908    0    0   304     0 1752  470  0 12 88  0  0
 0  0 410384  78152  21708 425908    0    0     0     0  957  361  0  3 97  0  0
 0  0 410384  78152  21708 425912    0    0     0     0 1254  347  1  7 92  0  0
 1  0 410384  78152  21716 425904    0    0     0    36 1527  425  1  7 92  0  0
 0  0 410384  78152  21716 425916    0    0     0    64 1012  325  2  5 93  0  0
 0  0 410384  78152  21716 425916    0    0     0     0  904  358  1  3 96  0  0
 0  0 410384  78152  21716 425920    0    0     0     0 1474  406  1  5 94  0  0
 0  0 410384  78152  21716 425920    0    0     0     0 1106  388  3  5 92  0  0
 0  0 410384  78152  21724 426040    0    0   104    20  996  402  0  5 95  0  0
 0  0 410384  78152  21724 426044    0    0     0     0 1498  445  1  6 93  0  0
 1  0 410384  78152  21724 426044    0    0     0     0 1342  329  1  7 92  0  0
 0  0 410384  78152  21724 426048    0    0     0     0 1469  355  1  6 93  0  0
 0  0 410384  78152  21724 426048    0    0     0     0 1577  385  1  7 92  0  0
 0  0 410384  78152  21732 426052    0    0     0    20 1364  378  0  5 94  1  0
 0  0 410384  78152  21732 426052    0    0     0     0 1377  405  1  4 95  0  0
 0  0 410384  78152  21732 426056    0    0     0     0 1534  438  0  4 96  0  0
 0  0 410384  78152  21732 426056    0    0     0     0 1301  368  1  6 93  0  0
 0  0 410384  78152  21732 426060    0    0     0     0 1120  353  0  5 95  0  0
 0  0 410384  78152  21740 426052    0    0     0    12 1504  389  0  5 95  0  0
 0  0 410384  78152  21740 426064    0    0     0     0  934  359  1  5 94  0  0
 0  0 410384  78152  21740 426064    0    0     0     0 1195  323  0  6 94  0  0
 0  0 410384  78152  21740 426068    0    0     0     0 2092  392  0 11 89  0  0
 0  0 410384  78152  21740 426068    0    0     0     0  999  340  0  4 96  0  0
 0  0 410384  78152  21748 426072    0    0     0    12  819  344  1  2 97  0  0
 0  0 410384  78152  21748 426072    0    0     0     0 1625  394  1  6 93  0  0
 0  0 410384  78152  21748 426080    0    0     0     0 1638  408  0  9 91  0  0
 0  0 410384  78152  21748 426080    4    0     4     0  766  307  0  3 97  0  0
 0  0 410384  78152  21748 426084    0    0     0     0 1761  392  1  6 92  0  0
 0  0 410384  78152  21756 426076    0    0     0    12 1311  364  0  6 94  0  0
 0  0 410384  78152  21756 426088    0    0     0   732 1015  407  1  3 95  1  0
 0  0 410384  78152  21756 426088    0    0     0     0 1232  368  0  4 96  0  0
 0  0 410384  78152  21756 426088    0    0     0     0  829  344  2  4 94  0  0
 0  0 410384  78152  21756 426092    0    0     0     0 1136  328  0  6 94  0  0
 0  0 410384  78152  21768 426080    0    0     0    48 1666  432  0  9 90  1  0
 0  0 410384  78152  21768 426096    0    0     0     0 1277  351  2  6 92  0  0
 0  0 410384  78152  21768 426100    0    0     0     0 1405  328  0  5 95  0  0
 0  0 410384  78152  21768 426104    0    0     0     0 1634  432  1  9 90  0  0
 0  0 410384  78152  21768 426104    0    0     0     0 1247  366  0  6 94  0  0
 0  0 410384  78152  21776 426096    0    0     0    12 1646  374  1  6 92  1  0
 0  0 410384  78152  21776 426108    0    0     0     0 1124  402  0  6 94  0  0
 0  0 410384  78152  21776 426108    0    0     0    36 1142  345  0  3 97  0  0
 0  0 410384  78152  21776 426112    0    0     0     0 1291  375  0  5 95  0  0
 2  0 410384  78152  21776 426112    0    0     0     0 1433  399  1  6 93  0  0
 0  0 410384  78152  21776 426116    0    0     0     0  989  323  1  3 96  0  0
 0  0 410384  78152  21784 426116    0    0     0    12  728  384  1  4 95  0  0
 0  0 410384  78152  21784 426120    0    0     0     0 1567  449  1  3 96  0  0
 0  0 410384  78152  21784 426120    0    0     0     0 1158  328  1  5 94  0  0
 0  0 410384  78152  21784 426124    0    0     0     0  915  401  1  4 95  0  0
 0  0 410384  78152  21784 426124    0    0     0     0 1551  454  1  6 93  0  0
 0  0 410384  78152  21816 426132   52    0    60    80 1333  503  0  6 93  1  0
 0  0 410384  78152  21816 426136    0    0     0     0 1403  391  1  9 90  0  0
 0  0 410384  78152  21816 426136    0    0     0     0 1769  427  1  6 93  0  0
 0  0 410384  78152  21816 426140    0    0     0     0  908  377  1  3 96  0  0
 0  0 410384  78152  21816 426140    0    0     0     0  959  371  1  4 95  0  0
 0  0 410384  78152  21824 426144    0    0     0    48 1692  471  4  6 89  0  0
 0  0 410384  78152  21824 426144    0    0     0     0 1292  381  0  5 95  0  0
 0  0 410384  78152  21824 426148    0    0     0     0  879  390  1  5 94  0  0
 0  0 410384  78152  21824 426148    0    0     0     0 1975  472  1  9 90  0  0
 0  0 410384  78152  21824 426152    0    0     0     0 1228  364  1  7 92  0  0
 0  0 410384  78152  21832 426144    0    0     0    12  970  394  1  3 96  0  0
 0  0 410384  78152  21832 426160    0    0     0    68 1466  436  1  5 94  0  0
 0  0 410384  78152  21832 426160    0    0     0     0 1291  374  0  7 93  0  0
 0  0 410384  78152  21832 426160    0    0     0     0 1278  365  1  5 94  0  0
 0  0 410384  78152  21832 426160    0    0     0     0 1795  464  1 10 89  0  0
 0  0 410384  78152  21840 426168    0    0     0    24  864  341  2  2 96  0  0
 0  0 410384  78152  21840 426168    0    0     0     0  929  365  0  5 95  0  0
 0  0 410384  78152  21840 426168    0    0     0     0 1579  403  1  8 91  0  0
 0  0 410384  78152  21840 426172    0    0     0     0 1115  383  0  8 92  0  0
 0  0 410384  78152  21840 426172    0    0     0     0 1159  357  0  6 94  0  0
 0  0 410384  78152  21848 426176    0    0     0    12 1701  465  1  6 92  0  0
 0  0 410384  78152  21848 426176    0    0     0    92 1605  407  0  6 94  0  0
 0  0 410384  78152  21848 426180    0    0     0     0  856  364  1  4 95  0  0
 0  0 410384  78152  21848 426180    0    0     0     0 1352  436  1  7 92  0  0
 0  0 410384  78152  21848 426184    0    0     0     0 1387  393  1  6 93  0  0
 0  0 410384  78152  21856 426180    0    0     0    24 1150  378  1  5 94  0  0
 0  0 410384  78152  21856 426192    0    0     0     0 1094  427  0  4 96  0  0
 0  0 410384  78152  21856 426192    0    0     0     0  827  337  1  2 97  0  0
 1  0 410384  78152  21856 426192    0    0     0     0 1334  381  0  3 97  0  0
 0  0 410384  78152  21856 426196    0    0     0     0 1947  396  1 12 87  0  0
 0  0 410384  78152  21864 426188    0    0     0    12 1209  357  1  6 92  1  0
 0  0 410384  78152  21864 426200    0    0     0     0 1003  366  0  6 94  0  0
 0  0 410384  78152  21864 426200    0    0     0     0 1351  422  1  5 94  0  0
 0  0 410384  78152  21864 426204    0    0     0     0 1479  371  0  6 94  0  0
 0  0 410384  78152  21864 426204    0    0     0     0 1052  348  1  2 97  0  0
 0  0 410384  78152  21872 426208    0    0     0    12 1541  421  1  6 93  0  0
 0  0 410384  78152  21872 426208    0    0     0     0 1171  348  0  6 94  0  0
 0  0 410384  78152  21872 426212    0    0     0     0  812  321  2  3 95  0  0
 0  0 410384  78152  21872 426212    0    0     0     0 1577  438  0  6 94  0  0
 0  0 410384  78152  21872 426220    0    0     0     0  871  318  1  3 96  0  0
 0  0 410384  78152  21880 426212    0    0     0    12 1345  394  0 10 90  0  0
 0  0 410384  78152  21880 426224    0    0     0     0 1690  372  1  3 96  0  0
 1  0 410384  78152  21880 426224    0    0     0     0  867  324  1  3 96  0  0
 0  0 410384  78152  21880 426224    0    0     0     0 1265  333  1  4 95  0  0
 0  0 410384  78152  21880 426228    0    0     0     0 1802  420  2  7 90  0  0
 0  0 410384  78152  21888 426220    0    0     0    12  680  322  0  2 98  0  0
 0  0 410384  78152  21888 426232    0    0     0     0 1332  351  1  7 92  0  0
 0  0 410384  78152  21888 426232    0    0     0     0 1422  419  0  8 92  0  0
 0  0 410384  78152  21888 426236    0    0     0     0 1120  351  1  5 94  0  0
 0  0 410384  78152  21888 426240    0    0     0     0  933  309  0  2 98  0  0
 0  0 410384  78152  21896 426232    0    0     0    12 1338  419  1  2 97  0  0
 1  0 410384  78152  21896 426244    0    0     0     0 1135  368  0  4 96  0  0
 0  0 410384  78152  21896 426244    0    0     0    68 1143  393  1  4 95  0  0
 0  0 410384  78152  21896 426248    0    0     0     0 1800  464  1 10 89  0  0
 1  0 410384  78152  21896 426248    0    0     0     0  914  384  0  3 97  0  0
 0  0 410384  78152  21904 426252    0    0     0    24  736  358  1  3 96  0  0
 0  0 410384  78152  21904 426252    0    0     0     0 1477  370  0  6 94  0  0
 0  0 410384  78152  21904 426256    0    0     0    12  912  322  1  3 96  0  0
 0  0 410384  78152  21904 426256    0    0     0     0 1067  417  3  8 89  0  0
 0  0 410384  78152  21904 426260    0    0     0     0 1655  481  0  5 95  0  0
 0  0 410384  78152  21904 426260    0    0     0     0 1077  372  0  4 96  0  0
 0  0 410384  78152  21912 426264    0    0     0    12 1421  430  1  9 90  0  0
 0  0 410384  78152  21912 426264    0    0     0     0 1791  466  1  7 92  0  0
 0  0 410384  78152  21912 426272    0    0     0     0  918  356  1  5 94  0  0
 0  0 410384  78152  21912 426272    0    0     0     0 1404  385  1 11 88  0  0
 0  0 410384  78152  21912 426272    0    0     0     0 1435  452  2  8 90  0  0
 0  0 410384  78152  21920 426276    0    0     0    12 1252  384  2  3 95  0  0
 0  0 410384  78152  21920 426276    0    0     0     0 1243  356  1  5 94  0  0
 0  0 410384  78152  21920 426280    0    0     0     0 1946  487  2 10 88  0  0
 1  0 410384  78152  21920 426280    0    0     0     0 1452  365  1  4 95  0  0
 0  0 410384  78152  21920 426284    0    0     0     0 1663  418  2 10 88  0  0
 0  0 410384  78152  21928 426276    0    0     0    12 1530  405  0  8 92  0  0
 2  0 410384  78152  21928 426288    0    0     0     0 1485  401  1  7 92  0  0
 1  0 410384  78152  21928 426292    0    0     0     0 1151  356  1  5 94  0  0
 0  0 410384  78152  21928 426296    0    0     0     0 2006  454  2  8 90  0  0
 0  0 410384  78152  21928 426296    0    0     0     0 1139  362  1  3 96  0  0
 0  0 410384  78152  21936 426300    0    0     0    12 1557  423  2  8 89  1  0
 0  0 410384  78152  21936 426300    0    0     0     0 1889  465  1 11 88  0  0
 0  0 410384  78152  21936 426300    0    0     0     0 1309  398  1  5 94  0  0
 0  0 410384  78152  21936 426304    0    0     0     0 1355  375  1  4 95  0  0
 0  0 410384  78152  21936 426304    0    0     0     0 1645  454  1  9 90  0  0
 0  0 410384  78152  21944 426308    0    0     0    12  901  362  1  2 97  0  0
 0  0 410384  78152  21944 426308    0    0     0     0 1088  364  2  3 95  0  0
 0  0 410384  78152  21944 426312    0    0     0    72 1971  451  0 13 87  0  0
 0  0 410384  78152  21944 426312    0    0     0     0  766  359  0  4 96  0  0
 0  0 410384  78152  21944 426316    0    0     0     0 1023  364  1  4 95  0  0
 0  0 410384  78152  21952 426308    0    0     0    24 1766  442  0  9 91  0  0
 0  0 410384  78152  21952 426324    0    0     0     0  989  347  1  5 94  0  0
 0  0 410384  78152  21952 426324    0    0     0     0 1145  340  1  3 96  0  0
 0  0 410384  78152  21952 426324    0    0     0     0 1630  373  1  8 91  0  0
 0  0 410384  78152  21952 426328    0    0     0     0 1322  323  0  6 94  0  0
 0  0 410384  78152  21960 426320    0    0     0    12 1351  339  0  7 93  0  0
 0  0 410384  78152  21960 426332    0    0     0     0 1977  447  1  7 92  0  0
 0  0 410384  78152  21960 426332    0    0     0     0  924  353  1  3 96  0  0
 0  0 410384  78152  21960 426336    0    0     0     0 1091  370  2  5 93  0  0
 0  0 410384  78152  21960 426336    0    0     0     0 1323  409  0  5 95  0  0
 0  0 410384  78152  21968 426340    0    0     0    12 1344  390  1  6 93  0  0
 0  0 410128  78152  21968 426344    4    0     4     0  981  370  1  4 95  0  0
 0  0 410128  78152  21968 426348    0    0     0     0 1283  508  0  7 93  0  0
 1  0 410128  78152  21968 426348    0    0     0     0 1047  487  1  4 95  0  0
 0  0 410128  78152  21968 426352    4    0     4     0  744  418  1  5 94  0  0
