procs -----------memory---------- ---swap-- -----io---- -system-- ------cpu-----
 r  b   swpd   free   buff  cache   si   so    bi    bo   in   cs us sy id wa st
 3  0 406800  71064  22876 410836   76  175  1586   764  517  923  7  4 88  1  0
 0  0 406800  71064  22876 410836    0    0     0     0  303  701  7  3 90  0  0
 0  0 406800  71064  22876 410836    0    0     0     0  142  289  0  0 100  0  0
 1  0 406800  71064  22876 410836    0    0     0     0  153  211  0  2 98  0  0
 0  0 406800  70616  22876 410844    0    0     0     0 2950  535  1 11 87  0  0
 4  0 406800  69944  22876 410848    0    0     0     0 3362  783  3 21 76  0  0
 0  0 406800  69944  22876 410856    0    0     0     0 3545  800  2 23 75  0  0
 0  0 406800  69944  22876 410860    0    0     0     0 4036  785  1 24 74  0  0
 1  0 406800  69944  22884 410868    0    0     0    12 3405  708  1 19 80  0  0
 0  0 406800  69944  22884 410876    0    0     0     0 3860  747  1 27 72  0  0
 0  0 406800  69944  22884 410884    0    0     0     0 3230  643  1 20 79  0  0
 2  0 406800  69944  22884 410888    0    0     0     0 3889  839  2 28 70  0  0
 2  0 406800  69944  22884 410896    0    0     0     0 3469  764  2 20 78  0  0
 0  0 406800  69944  22892 410892    0    0     0    12 3383  775  2 23 75  0  0
 0  0 406800  69944  22892 410908    0    0     0     8 3453  708  3 27 70  0  0
 0  0 406800  69944  22892 410916    0    0     0     0 3716  812  4 31 66  0  0
 1  0 406800  69944  22892 410920    0    0     0     0 3767  751  2 30 67  0  0
 1  0 406800  69944  22892 410928    0    0     0     0 3129  650  3 24 73  0  0
 0  0 406800  69944  22904 410936    0    0     0    36 4161  771  4 35 61  0  0
 1  0 406800  69496  22904 410944    0    0     0     0 2858  709  4 26 70  0  0
 0  0 406800  69496  22904 410948    0    0     0     0 3135  718  2 28 69  0  0
 1  0 406800  69496  22904 410956    0    0     0     0 3579  798  5 31 64  0  0
 0  0 406800  69496  22904 410960    0    0     0     0 3800  807  6 31 63  0  0
 0  0 406800  69496  22912 410960    0    0     0    12 3505  769  3 23 74  0  0
 2  0 406800  69496  22912 410976    0    0     0     0 3307  840  3 23 74  0  0
 1  0 406800  69496  22912 410984    0    0     0     0 3911  893  4 27 70  0  0
 1  0 406800  69496  22912 410988    0    0     0     0 3428  783  2 22 76  0  0
 0  0 406800  69496  22912 410996    0    0     0     0 3526  912  7 33 60  0  0
 0  0 406800  69496  22920 410996    0    0     0    12 2995  753  3 20 76  0  0
 0  0 406800  69496  22920 411008    0    0     0    28 3209  779  4 30 67  0  0
 2  0 406800  69496  22920 411016    0    0     0     0 4004  850 13 46 41  0  0
 0  0 406800  69496  22928 411020    0    0     0    44 3510  833  3 29 67  1  0
 1  0 406800  69496  22928 411028    0    0     0     0 3455  833  5 22 74  0  0
 1  0 406800  69496  22928 411036    0    0     0     0 3294  783  3 22 75  0  0
 0  0 406800  69496  22928 411044    0    0     0   208 3049  715  2 27 70  0  0
 0  0 406800  69496  22928 411048    0    0     0     0 3283  731  3 21 75  0  0
 0  0 406800  69496  22936 411056    0    0     0    60 3956  708  5 35 60  0  0
 0  0 406800  69496  22936 411060    0    0     0     0 3732  795  6 29 65  0  0
 0  0 406800  69496  22936 411068    0    0     0     0 3446  743  3 34 63  0  0
 0  0 406800  69496  22936 411072    0    0     0     0 2764  685  0 18 82  0  0
 1  0 406800  69496  22936 411080    0    0     0     0 2968 1065  3 25 71  0  0
 0  0 406800  69496  22944 411088    0    0     0    12 2986  779  3 21 76  0  0
 1  0 406800  69496  22944 411096    0    0     0     0 3431  676  0 26 74  0  0
 0  0 406800  69496  22944 411100    0    0     0     0 3376  877  3 24 73  0  0
 3  0 406800  69496  22944 411108    0    0     0     0 3235  747  2 25 72  0  0
 0  0 406800  69496  22944 411112    0    0     0     0 2771  681  2 20 78  0  0
 1  0 406800  69496  22952 411120    0    0     0    12 2668  750  3 21 76  0  0
 2  0 406800  69496  22952 411128    0    0     0     0 3385  741  5 29 66  0  0
 0  0 406800  69496  22952 411132    0    0     0     0 3526  653  2 28 70  0  0
 2  0 406800  69496  22952 411140    0    0     0     0 4154  675  5 28 67  0  0
 0  0 406800  69496  22952 411144    0    0     0     0 3589  751  3 26 71  0  0
 3  0 406800  69496  22960 411152    0    0     0    12 2806  739  3 20 77  0  0
 1  0 406800  69496  22960 411160    0    0     0     0 3461  736  3 29 67  0  0
 0  0 406800  69496  22960 411164    0    0     0     0 3139  642  3 22 75  0  0
 1  0 406800  69496  22960 411172    0    0     0     0 2863  727  3 23 73  0  0
 0  0 406800  69496  22960 411180    0    0     0     0 3169  672  4 22 74  0  0
 0  0 406800  69496  22968 411184    0    0     0    12 3238  816  6 26 68  0  0
 0  0 406800  69496  22968 411192    0    0     0     0 3287  771  2 20 78  0  0
 0  0 406800  69496  22968 411196    0    0     0     0 2678  715  3 20 77  0  0
 4  0 406800  69272  22968 411204    0    0     0     0 4066  768  3 39 59  0  0
 2  0 406800  69272  22968 411208    0    0     0     0 3486  775  4 53 43  0  0
 0  0 406800  69272  22976 411216    0    0     0    12 3182  705  4 32 64  0  0
 0  0 406800  69272  22976 411224    0    0     0     0 3037  701  3 23 74  0  0
 4  0 406800  69272  22976 411232    0    0     0     0 4111  811  5 43 52  0  0
 0  0 406800  69272  22976 411236    0    0     0     0 3465  756  5 34 61  0  0
 1  0 406800  69272  22976 411244    0    0     0   252 3001  812  2 26 72  0  0
 1  0 406800  69272  22984 411248    0    0     0    24 3095  801  3 24 72  0  0
 0  0 406800  69272  22984 411256    0    0     0     0 3560  727  3 27 70  0  0
 4  0 406800  69272  22984 411260    0    0     0     0 3287  767  5 22 74  0  0
 1  0 406800  69272  22984 411268    0    0     0     0 3136  692  1 22 77  0  0
 0  0 406800  69272  22984 411276    0    0     0     0 3957  830  4 32 64  0  0
 1  0 406800  69272  22992 411284    0    0     0    12 3577  739  6 27 67  0  0
 0  0 406800  69272  22992 411288    0    0     0     0 3075  677  3 23 73  0  0
 0  0 406800  69272  22992 411296    0    0     0     0 3833  801  2 25 73  0  0
 0  0 406800  69272  22992 411300    0    0     0     0 3712  756  2 26 71  0  0
 2  0 406800  69272  22992 411308    0    0     0     0 2312  621  1 15 84  0  0
 1  0 406800  69272  23000 411312    0    0     0    12 3428  752  4 33 64  0  0
 3  0 406800  69272  23000 411320    0    0     0     0 2940  789  2 26 72  0  0
 1  0 406800  69272  23000 411328    0    0     0     0 2815  776  4 25 71  0  0
 0  0 406800  69272  23000 411336    0    0     0     0 2612  751  3 18 78  0  0
 0  0 406800  69272  23000 411340    0    0     0     0 3257  756  2 19 79  0  0
 1  0 406800  69272  23008 411348    0    0     0    12 2583  712  3 18 79  0  0
 0  0 406800  69272  23008 411352    0    0     0     0 3343  771  6 32 62  0  0
 1  0 406800  69272  23008 411360    0    0     0     0 3554  804  2 33 64  0  0
 0  0 406800  69272  23008 411364    0    0     0     0 3735 1003  6 31 63  0  0
 2  0 406800  69272  23008 411372    0    0     0   136 3700  758  2 27 71  0  0
 0  0 406800  69272  23016 411380    0    0     0    24 3114  753  6 30 64  0  0
 0  0 406800  69272  23016 411384    0    0     0     0 3563  822  5 28 67  0  0
 0  0 406800  69272  23016 411392    0    0     0     0 3219  750  1 31 67  0  0
 2  0 406800  69272  23016 411400    0    0     0     0 3194  671  4 32 64  0  0
 0  0 406800  69272  23016 411404    0    0     0     0 3643  757  2 31 66  0  0
 1  0 406800  69272  23024 411412    0    0     0    12 3393  772  5 22 73  0  0
 0  0 406800  69272  23024 411420    0    0     0     0 3496  805  7 30 63  0  0
 1  0 406800  69272  23024 411424    0    0     0     0 3909  861  3 35 62  0  0
 0  0 406800  69272  23024 411432    0    0     0     0 3091  798  5 24 71  0  0
 1  0 406800  69272  23024 411440    0    0     0     0 3528  771  2 30 67  0  0
 0  0 406800  69272  23032 411444    0    0     0    12 3254  806  5 22 72  1  0
 0  0 406800  69272  23032 411452    0    0     0     0 3605  735  4 35 61  0  0
 0  0 406800  69272  23032 411456    0    0     0     0 3247  645  2 23 75  0  0
 0  0 406800  69272  23032 411464    0    0     0     0 3060  793  3 22 75  0  0
 0  0 406800  69272  23032 411468    0    0     0     0 3152  728  7 27 65  0  0
 0  0 406800  69272  23040 411476    0    0     0    12 4319  936  5 50 45  0  0
 0  0 406800  69272  23040 411484    0    0     0     0 2945  767  6 24 70  0  0
 0  0 406800  69272  23040 411488    0    0     0     0 3757  738  4 33 64  0  0
 0  0 406800  69272  23040 411496    0    0     0     0 3517  763  4 23 72  0  0
 0  0 406800  69272  23040 411500    0    0     0     0 3242  760  4 23 74  0  0
 0  0 406800  69272  23048 411508    0    0     0    12 3190  740  2 19 78  0  0
 0  0 406800  69272  23048 411516    0    0     0     0 3725  743  2 31 67  0  0
 0  0 406800  69272  23048 411520    0    0     0     0 3401  744  1 34 65  0  0
 0  0 406800  69272  23048 411528    0    0     0     0 3749  729  2 28 70  0  0
 0  0 406800  69272  23048 411536    0    0     0     0 3845  794  3 28 69  0  0
 0  0 406800  69272  23056 411540    0    0     0    12 3200  722  4 26 70  0  0
 0  0 406800  69272  23056 411548    0    0     0     0 3507  717  1 28 71  0  0
 0  0 406800  69272  23056 411552    0    0     0     0 3362  743  4 27 70  0  0
 0  0 406800  69272  23056 411560    0    0     0     0 3537  755  4 28 68  0  0
 0  0 406800  69272  23056 411568    0    0     0     0 3210  724  2 20 78  0  0
 1  0 406800  69272  23064 411576    0    0     0   216 3240  724  4 24 71  0  0
 0  0 406800  69272  23064 411580    0    0     0     0 2893  669  4 27 69  0  0
 1  0 406800  68600  23064 411588    0    0     0     0 2989  726  2 35 63  0  0
 0  0 406800  68600  23064 411592    0    0     0     0 3843  794  6 45 49  0  0
 2  0 406800  68600  23064 411600    0    0     0     0 3912  731  5 37 58  0  0
 1  0 406800  68600  23072 411604    0    0     0    24 3528  752  2 28 69  0  0
 0  0 406800  68600  23072 411612    0    0     0     0 3546  854  6 31 63  0  0
 0  0 406800  68600  23072 411620    0    0     0     0 3317  810  8 35 57  0  0
 1  0 406800  68600  23072 411628    0    0     0     0 3568  760  1 36 63  0  0
 0  0 406800  68600  23072 411632    0    0     0     0 3748  747  4 32 65  0  0
 0  0 406800  68600  23080 411640    0    0     0    12 3429  808  2 29 67  1  0
 0  0 406800  68600  23080 411644    0    0     0     0 3484  803  3 42 56  0  0
 0  0 406800  68600  23080 411652    0    0     0     0 2980  744  4 24 71  0  0
 0  0 406800  68600  23080 411656    0    0     0     0 3617  725  6 27 67  0  0
 1  0 406800  68600  23080 411664    0    0     0     0 2939  677  3 25 71  0  0
 0  0 406800  68600  23088 411672    0    0     0    12 3368  796  5 31 64  0  0
 0  0 406800  68600  23088 411676    0    0     0     0 3216  733  5 31 64  0  0
 0  0 406800  68600  23088 411684    0    0     0     0 3537  754  2 28 70  0  0
 0  0 406800  68600  23088 411688    0    0     0     0 2787  760  2 23 74  0  0
 0  0 406800  68600  23088 411696    0    0     0     0 3361  754  5 25 70  0  0
 0  0 406800  68600  23096 411704    0    0     0    12 3392  835  0 30 70  0  0
 0  0 406800  68600  23096 411708    0    0     0     0 3398  762  2 25 73  0  0
 0  0 406800  68600  23096 411716    0    0     0     0 4015  864  4 43 53  0  0
 0  0 406800  68600  23096 411724    0    0     0     0 3339  778  2 36 62  0  0
 0  0 406800  68600  23096 411728    0    0     0     0 2701  700  3 16 80  0  0
 1  0 406800  68600  23104 411736    0    0     0    12 3557  876  4 43 54  0  0
 0  0 406800  68600  23104 411740    0    0     0     0 3244  763  1 36 63  0  0
 0  0 406800  68600  23104 411748    0    0     0     0 3499  844  3 30 66  0  0
 1  0 406800  68600  23104 411756    0    0     0     0 4077  902  4 38 59  0  0
 1  0 406800  68152  23104 411764    0    0     0     0 3229  783  1 39 60  0  0
 2  0 406800  68152  23112 411768    0    0     0    12 3701  859  4 56 40  0  0
 2  0 406800  68152  23112 411776    0    0     0   204 3058  719  5 62 33  0  0
 0  0 406800  68152  23112 411780    0    0     0     0 3054  738  3 24 72  0  0
 0  0 406800  68152  23112 411788    0    0     0     0 3008  733  3 21 76  0  0
 0  0 406800  68152  23112 411792    0    0     0     0 3099  682  7 24 69  0  0
 1  0 406800  68152  23120 411800    0    0     0    24 3390  776  5 23 73  0  0
 0  0 406800  68152  23120 411808    0    0     0    12 2886  684  1 19 80  0  0
 0  0 406800  68152  23120 411816    0    0     0     0 3019  690  1 27 72  0  0
 0  0 406800  68152  23120 411820    0    0     0     0 3527  768  4 34 62  0  0
 0  0 406800  68152  23120 411828    0    0     0     0 3558  776  5 27 69  0  0
 0  0 406800  68152  23128 411832    0    0     0    12 3831  796  2 41 56  0  0
 0  0 406800  68152  23128 411840    0    0     0     0 3069  715  4 25 71  0  0
 0  0 406800  68152  23128 411848    0    0     0     0 3117  692  2 24 74  0  0
 1  0 406800  68152  23128 411852    0    0     0     0 3805  868  2 32 66  0  0
 0  0 406800  68152  23128 411860    0    0     0     0 3265  731  5 32 63  0  0
 0  0 406800  68152  23136 411864    0    0     0    12 3459  750  2 30 67  0  0
 1  0 406800  68152  23136 411872    0    0     0     0 3582  749  2 30 67  0  0
 0  0 406800  68152  23136 411876    0    0     0     0 3361  718  2 27 71  0  0
 0  0 406800  68152  23136 411884    0    0     0     0 2959  780  3 20 76  0  0
 1  0 406800  68152  23136 411892    0    0     0     0 3016  784  4 26 70  0  0
 0  0 406800  68152  23144 411900    0    0     0    12 3454  710  2 26 71  0  0
 1  0 406800  68152  23144 411904    0    0     0     0 2710  614  3 19 78  0  0
 0  0 406800  68152  23144 411912    0    0     0     0 3273  670  6 28 66  0  0
 1  0 406800  68152  23144 411916    0    0     0     0 3128  737  2 27 70  0  0
 0  0 406800  68152  23144 411924    0    0     0     0 3692  736  3 35 62  0  0
 0  0 406800  68152  23152 411932    0    0     0    12 3333  739  2 28 70  0  0
 0  0 406800  68152  23152 411936    0    0     0     0 3966  794  5 34 61  0  0
 1  0 406800  68152  23152 411944    0    0     0     0 3401  716  3 26 70  0  0
 0  0 406800  68152  23152 411952    0    0     0     0 3070  718  4 23 73  0  0
 0  0 406800  68152  23152 411956    0    0     0     0 2744  683  3 21 76  0  0
 0  0 406800  68152  23160 411964    0    0     0    12 3153  731  3 23 74  0  0
 1  0 406800  68152  23160 411968    0    0     0   204 3263  668  3 24 72  0  0
 0  0 406800  68152  23160 411976    0    0     0     0 3255  753  5 24 72  0  0
 0  0 406800  68152  23160 411980    0    0     0     0 3102  620  1 15 84  0  0
 0  0 406800  68152  23160 411988    0    0     0     0 2861  675  3 18 79  0  0
 0  0 406800  68152  23168 411996    0    0     0    24 3169  762  2 26 71  1  0
 0  0 406800  68152  23168 412004    0    0     0     0 3348  646  3 27 70  0  0
 0  0 406800  68152  23168 412008    0    0     0     0 3866  729  5 42 54  0  0
 0  0 406800  68152  23168 412016    0    0     0     0 3302  732  2 19 79  0  0
 1  0 406800  68152  23168 412020    0    0     0     0 3236  733  1 30 69  0  0
 0  0 406800  68152  23176 412028    0    0     0    12 3450  773  9 35 57  0  0
 0  0 406800  68152  23176 412032    0    0     0     0 4132  792  5 31 64  0  0
 0  0 406800  68152  23176 412040    0    0     0     0 2720  631  3 24 73  0  0
 0  0 406800  68152  23176 412048    0    0     0     0 3655  794  4 25 72  0  0
 0  0 406800  68152  23176 412052    0    0     0     0 3374  816  3 24 72  0  0
 0  0 406800  68152  23184 412060    0    0     0    12 3080  713  4 28 68  0  0
 1  0 406800  68152  23184 412064    0    0     0     0 3418  745  2 23 74  0  0
 0  0 406800  68152  23184 412076    0    0     0     0 3243  788  3 28 69  0  0
 0  0 406800  68152  23184 412080    0    0     0     0 3217  706  2 27 71  0  0
 0  0 406800  68152  23184 412088    0    0     0     0 3772  717  4 24 72  0  0
 0  0 406800  68152  23192 412092    0    0     0    12 3271  770  1 31 68  0  0
 0  0 406800  68152  23192 412100    0    0     0     0 3529  817  1 25 74  0  0
 0  0 406800  68152  23192 412104    0    0     0     0 3910  883  8 31 60  0  0
 0  0 406800  68152  23192 412112    0    0     0     0 3683  725  1 29 70  0  0
 0  0 406800  68152  23192 412116    0    0     0     0 3821  730  6 36 58  0  0
 0  0 406800  68152  23208 412124    0    0     0    56 3150  792  5 37 58  0  0
 0  0 406800  68152  23208 412132    0    0     0     0 3986  787  2 42 55  0  0
 0  0 406800  68152  23208 412136    0    0     0     0 3328  769  7 25 69  0  0
 0  0 406800  68152  23208 412144    0    0     0     0 3620  777  2 31 67  0  0
 0  0 406800  68152  23208 412152    0    0     0     0 4022  818  4 39 57  0  0
 0  0 406800  68152  23216 412148    0    0     0    48 3567  811  5 39 55  1  0
 0  0 406800  68152  23216 412164    0    0     0     0 3406  744  6 28 66  0  0
 0  0 406800  68152  23216 412172    0    0     0   200 3584  783  4 36 60  0  0
 1  0 406800  68152  23216 412176    0    0     0     0 2920  774  3 17 80  0  0
 0  0 406800  68152  23216 412184    0    0     0     0 3618  829  9 26 64  0  0
 0  0 406800  68152  23224 412180    0    0     0    24 4018  807  5 35 60  0  0
 1  0 406800  68152  23224 412196    0    0     0     0 3790  778  6 41 53  0  0
 0  0 406800  68152  23224 412200    0    0     0    48 3347  829  5 36 60  0  0
 0  0 406800  68152  23224 412212    0    0     0     0 3389  767  2 27 70  0  0
 0  0 406800  68152  23224 412216    0    0     0     0 3200  743  5 20 75  0  0
 1  0 406800  68152  23232 412224    0    0     0    12 3384  740  2 36 61  0  0
 1  0 406800  68152  23232 412228    0    0     0     0 3201  800  2 24 73  0  0
 0  0 406800  68152  23232 412236    0    0     0     0 3257  734  3 27 70  0  0
 0  0 406800  68152  23232 412240    0    0     0     0 3299  805  5 28 68  0  0
 1  0 406800  68152  23232 412248    0    0     0     0 3224  747  3 22 75  0  0
 0  0 406800  68152  23240 412256    0    0     0    12 3256  735  1 26 71  1  0
 0  0 406800  68152  23240 412260    0    0     0     0 3312  761  2 23 74  0  0
 2  0 406800  68152  23240 412268    0    0     0     0 2862  665  3 20 77  0  0
 0  0 406800  68152  23240 412272    0    0     0     0 2893  721  3 24 73  0  0
 1  0 406800  68152  23240 412280    0    0     0     0 3168  737  2 32 66  0  0
 2  0 406800  68152  23248 412288    0    0     0    12 3508  830  7 35 58  0  0
 0  0 406800  68152  23248 412292    0    0     0     0 3544  787  5 38 58  0  0
 2  0 406800  68152  23248 412300    0    0     0     0 3087  805  2 22 75  0  0
 0  0 406800  68152  23248 412304    0    0     0     0 3140  661  2 27 71  0  0
 0  0 406800  68152  23248 412316    0    0     0     0 2997  718  2 21 77  0  0
 0  0 406800  68152  23256 412312    0    0     0    12 2927  751  1 21 78  0  0
 0  0 406800  68152  23256 412328    0    0     0     0 2934  683  2 26 71  0  0
 0  0 406800  68152  23256 412332    0    0     0     0 3141  802  3 27 70  0  0
 0  0 406800  68152  23256 412340    0    0     0     0 3502  755  2 33 65  0  0
 1  0 406800  68152  23256 412344    0    0     0     0 3634  734  0 21 79  0  0
 0  0 406800  68152  23264 412352    0    0     0    12 3943  820  3 30 67  0  0
 3  0 406800  68152  23264 412356    0    0     0     0 3558  715  2 21 77  0  0
 0  0 406800  68152  23264 412368    0    0     0     0 3200  725  4 26 70  0  0
 0  0 406800  68152  23264 412372    0    0     0   204 3669  644  2 24 74  0  0
 1  0 406800  68152  23264 412380    0    0     0     0 3476  680  4 31 65  0  0
 0  0 406800  68152  23272 412376    0    0     0    24 3396  752  6 29 65  0  0
 1  0 406800  68152  23272 412392    0    0     0     0 3419  710  4 28 69  0  0
 0  0 406800  68152  23272 412396    0    0     0     0 3918  707  4 37 60  0  0
 0  0 406800  68152  23272 412404    0    0     0     0 2665  673  3 18 78  0  0
 0  0 406800  68152  23272 412408    0    0     0     0 3449  709  4 35 61  0  0
 0  0 406800  68152  23280 412420    0    0     0    12 3060  695  3 17 80  0  0
 0  0 406800  68152  23280 412424    0    0     0     0 2941  700  2 18 79  0  0
 0  0 406800  68152  23280 412432    0    0     0     0 3363  690  0 26 74  0  0
 0  0 406800  68152  23280 412436    0    0     0     0 3657  696  4 27 69  0  0
 0  0 406800  68152  23280 412440    0    0     0     0 3771  804  4 29 67  0  0
 0  0 406800  68152  23288 412452    0    0     0    12 3120  731  3 18 79  0  0
 0  0 406800  68152  23288 412456    0    0     0     0 3097  731  2 24 73  0  0
 0  0 406800  68152  23288 412464    0    0     0     0 3092  638  2 18 80  0  0
 2  0 406800  68152  23288 412468    0    0     0     0 3278  720  2 23 75  0  0
 2  0 406800  68152  23288 412476    0    0     0     0 3846  818  4 29 67  0  0
 0  0 406800  68152  23296 412484    0    0     0    12 3327  759  5 23 72  1  0
 0  0 406800  68152  23296 412488    0    0     0     0 3616  801  8 39 53  0  0
 0  0 406800  68152  23296 412496    0    0     0     0 4255  910  8 50 43  0  0
 0  0 406800  68152  23296 412500    0    0     0     0 3918  773  2 33 64  0  0
 1  0 406800  68152  23296 412508    0    0     0     0 3512  753  6 29 65  0  0
 2  0 406800  68152  23304 412504    0    0     0    12 2878  795  3 24 72  0  0
 0  0 406800  68152  23304 412520    0    0     0     0 3687  743  4 28 68  0  0
 0  0 406800  68152  23304 412528    0    0     0     0 3441  698  2 24 73  0  0
 0  0 406800  68152  23304 412536    0    0     0     0 4005  824  4 34 62  0  0
 0  0 406800  68152  23304 412540    0    0     0     0 3802  843  3 32 64  0  0
 0  0 406800  68152  23312 412548    0    0     0    12 3876  824  2 36 62  0  0
 0  0 406800  68152  23312 412552    0    0     0     0 3331  865  3 30 66  0  0
 0  0 406800  68152  23312 412560    0    0     0     0 3816  790  4 29 68  0  0
 0  0 406800  68152  23312 412564    0    0     0   204 3096  790  3 20 77  0  0
 0  0 406800  68152  23312 412572    0    0     0     0 3394  819 13 41 46  0  0
 0  0 406800  68152  23320 412580    0    0     0    24 3176  643  1 21 77  1  0
 0  0 406800  68152  23320 412584    0    0     0     0 3525  721  3 33 64  0  0
 0  0 406800  68152  23320 412592    0    0     0     0 3174  726  2 20 78  0  0
 0  0 406800  68152  23320 412596    0    0     0     0 3549  840  2 24 74  0  0
 0  0 406800  68152  23320 412608    0    0     0    12 3773  829  4 36 60  0  0
 3  0 406800  68152  23328 412604    0    0     0    12 3411  757  3 26 71  0  0
 1  0 406800  68152  23328 412620    0    0     0     0 3396  678  4 22 74  0  0
 1  0 406800  68152  23328 412624    0    0     0     0 3294  763  2 26 72  0  0
 0  0 406800  68152  23328 412632    0    0     0     0 3753  753  2 24 73  0  0
 1  0 406800  68152  23328 412640    0    0     0     0 3585  817  6 27 67  0  0
 1  0 406800  68152  23344 412628    0    0     0    32 3350  767  3 27 70  0  0
 0  0 406800  68152  23344 412652    0    0     0     0 3445  735  3 28 69  0  0
 2  0 406800  68152  23344 412656    0    0     0     0 3912  831  3 40 58  0  0
 0  0 406800  68152  23344 412664    0    0     0     0 3207  691  6 33 61  0  0
 0  0 406800  68152  23344 412668    0    0     0     0 3171  774  2 26 72  0  0
 3  0 406800  68152  23352 412676    0    0     0    12 3095  839  3 23 73  0  0
 1  0 406800  68152  23352 412684    0    0     0     0 3638  768  5 37 59  0  0
 0  0 406800  68152  23352 412688    0    0     0     0 3631  814  5 29 66  0  0
 0  0 406800  68152  23352 412696    0    0     0     0 3532  775  5 34 61  0  0
 0  0 406800  68152  23352 412700    0    0     0   140 2907  733  1 21 78  0  0
 0  0 406800  68152  23360 412712    0    0     0    24 3634  712  5 25 69  1  0
 0  0 406800  68152  23360 412716    0    0     0     0 3722  729  4 25 71  0  0
 0  0 406800  68152  23360 412724    0    0     0     0 3674  829  2 27 70  0  0
 0  0 406800  68152  23360 412728    0    0     0     0 3457  804  2 29 69  0  0
 0  0 406800  68152  23360 412736    0    0     0     0 3041  705  3 26 71  0  0
 0  0 406800  68152  23368 412732    0    0     0    12 3236  657  2 27 71  0  0
 0  0 406800  68152  23368 412748    0    0     0     0 3483  775  2 25 73  0  0
 1  0 406800  68152  23368 412752    0    0     0     0 3302  763  2 31 67  0  0
 0  0 406800  68152  23368 412764    0    0     0     0 3356  724  3 23 74  0  0
 0  0 406800  68152  23368 412764    0    0     0     0 2871  694  1 21 78  0  0
 0  0 406800  68152  23376 412776    0    0     0    12 3377  752  1 22 77  0  0
 3  0 406800  68152  23376 412780    0    0     0     0 3167  733  2 27 71  0  0
 0  0 406800  68152  23376 412788    0    0     0     0 3214 1018  7 42 51  0  0
 0  0 406800  68152  23376 412788    0    0     0     0  122  247  0  0 100  0  0
 0  0 406800  68152  23376 412788    0    0     0     0  133  251  0  1 99  0  0
 0  0 406800  68152  23376 412788    0    0     0     0  136  242  1  0 99  0  0
 0  0 406800  68152  23384 412780    0    0     0    12  133  280  1  0 99  0  0
 0  0 406800  68152  23384 412788    0    0     0     0  123  253  1  0 99  0  0
 0  0 406800  68152  23384 412788    0    0     0     0  108  219  1  0 99  0  0
 1  0 406800  68152  23384 412788    0    0     0     0  125  272  0  0 100  0  0
 0  0 406800  68152  23384 412788    0    0     0     0  112  225  0  0 100  0  0
 0  0 406800  68152  23384 412788    0    0     0     0  127  233  0  1 99  0  0
 0  0 406800  68152  23384 412788    0    0     0     0  113  253  2  0 98  0  0
 0  0 406800  68152  23384 412788    0    0     0     0  138  228  1  1 98  0  0
 0  0 406800  68152  23384 412788    0    0     0     0   95  215  1  0 99  0  0
 0  0 406800  68152  23384 412788    0    0     0     0  110  252  1  0 99  0  0
 0  0 406800  68152  23384 412788    0    0     0     0  115  222  0  0 100  0  0
 0  0 406800  68152  23384 412788    0    0     0     0  106  227  1  0 99  0  0
 0  0 406800  68152  23384 412788    0    0     0     0  108  238  1  0 99  0  0
 0  0 406800  68152  23384 412788    0    0     0     0  121  216  0  0 100  0  0
 0  0 406800  68152  23384 412788    0    0     0    92  218  428  1  1 98  0  0
 0  0 406800  68152  23384 412788    0    0     0     0  314 1136  0  0 100  0  0
 0  0 406800  68152  23384 412788    0    0     0     0  156  482  0  0 100  0  0
