 r  b   swpd   free   buff  cache   si   so    bi    bo   in   cs us sy id wa st
 1  0 319968  63600  24312 380424   62  181  1300   404 1026  717  7  8 84  1  0
 0  0 319968  63600  24312 380424    0    0     0     0  111  276  1  0 99  0  0
 0  0 319968  63600  24320 380416    0    0     0    12  118  247  1  0 99  0  0
 1  0 319968  63600  24320 380424    0    0     0     0 1192  396  2  8 90  0  0
 0  0 319968  63600  24320 380428    0    0     0     0 2053  453  1 11 88  0  0
 1  0 319968  63600  24320 380432    0    0     0     0 2147  589  1 18 81  0  0
 0  0 319968  63600  24320 380436    0    0     0     0 1914  534  1 13 86  0  0
 0  0 319968  63600  24320 380440    0    0     0     0 2047  500  2 10 87  0  0
 0  0 319968  63600  24328 380444    0    0     0    12 2831  617  4 17 79  0  0
 1  0 319968  63600  24328 380448    0    0     0     0 3019  560  0 21 79  0  0
 0  0 319968  63600  24328 380452    0    0     0     0 2408  563  1 17 82  0  0
 0  0 319968  63600  24328 380460    0    0     0     0 2493  572  4 19 77  0  0
 0  0 319968  63600  24328 380464    0    0     0     0 2083  523  3 15 82  0  0
 0  0 319968  63600  24336 380472    0    0     0    12 2607  640  2 24 73  0  0
 0  0 319968  63600  24336 380476    0    0     0     0 2130  554  1 15 84  0  0
 0  0 319968  63600  24336 380480    0    0     0     0 2327  548  1 21 78  0  0
 0  0 319968  63600  24336 380484    0    0     0     0 2851  624  4 24 71  0  0
 0  0 319968  63600  24336 380488    0    0     0     0 2388  499  0 16 84  0  0
 0  0 319968  63600  24344 380492    0    0     0    12 2150  553  1 19 78  1  0
 0  0 319968  63600  24344 380496    0    0     0     0 2241  539  0 15 85  0  0
 0  0 319968  63600  24344 380504    0    0     0     0 2948  608  2 23 74  0  0
 0  0 319968  63600  24344 380508    0    0     0     0 2452  537  0 20 80  0  0
 0  0 319968  63600  24344 380512    0    0     0     0 2253  624  2 18 80  0  0
 1  0 319968  63600  24352 380516    0    0     0    12 2394  555  2 18 80  0  0
 0  0 319968  63600  24352 380520    0    0     0     0 2380  643  3 21 76  0  0
 0  0 319968  63600  24352 380524    0    0     0     0 2080  573  2 16 82  0  0
 0  0 319968  63600  24352 380528    0    0     0     0 2546  579  1 19 80  0  0
 0  0 319968  63600  24352 380532    0    0     0     0 1828  595  0 12 88  0  0
 2  0 319968  63600  24360 380536    0    0     0    40 2147  609  3 18 79  0  0
 0  0 319968  63600  24360 380544    0    0     0     0 2001  606  3 16 81  0  0
 0  0 319968  63600  24360 380548    0    0     0     0 1854  610  2 19 78  0  0
 1  0 319968  63600  24360 380552    0    0     0     0 2489  585  2 22 76  0  0
 1  0 319968  63600  24360 380556    0    0     0     0 1894  580  2 13 85  0  0
 0  0 319968  63600  24368 380560    0    0     0   180 2937  723  8 22 70  0  0
 0  0 319968  63600  24368 380564    0    0     0     0 2131  663  1 18 81  0  0
 0  0 319968  63600  24368 380572    0    0     0     0 1898  651  2 18 80  0  0
 3  0 319968  63600  24368 380576    0    0     0     0 2026  589  2 18 80  0  0
 0  0 319968  63600  24368 380580    0    0     0     0 2768  589  5 21 74  0  0
 0  0 319968  63600  24376 380588    0    0     0    12 2467  639  2 17 81  0  0
 0  0 319968  63600  24376 380592    0    0     0     0 2650  611  2 20 77  0  0
 0  0 319968  63600  24376 380596    0    0     0     0 2083  600  2 22 76  0  0
 0  0 319968  63600  24376 380600    0    0     0     0 2495  647  7 19 75  0  0
 0  0 319968  63600  24376 380604    0    0     0     0 2056  622  7 18 75  0  0
 0  0 319968  63600  24384 380608    0    0     0    40 2656  641  4 25 72  0  0
 0  0 319968  63600  24384 380612    0    0     0     0 2612  643  2 20 78  0  0
 0  0 319968  63600  24400 380616    0    0     0   236 2402  645  5 17 77  1  0
 1  0 319968  63600  24400 380624    0    0     0     0 2182  661  1 19 80  0  0
 0  0 319968  63600  24400 380628    0    0     0     0 2273  624  2 20 78  0  0
 0  0 319968  63600  24400 380632    0    0     0     0 2082  570  2 16 82  0  0
 0  0 319968  63600  24400 380636    0    0     0     0 2140  635  4 18 78  0  0
 0  0 319968  63600  24408 380640    0    0     0    12 2397  645  4 21 74  0  0
 0  0 319968  63600  24408 380644    0    0     0     0 2402  612  2 15 82  0  0
 0  0 319968  63600  24408 380648    0    0     0     0 2309  641  4 21 74  0  0
 0  0 319968  63600  24408 380652    0    0     0     0 2436  565  2 22 76  0  0
 1  0 319968  63600  24408 380656    0    0     0     0 2090  661  4 16 79  0  0
 0  0 319968  63600  24416 380660    0    0     0    12 2083  614  4 15 81  0  0
 0  0 319968  63600  24416 380664    0    0     0     0 1723  509  2 15 83  0  0
 0  0 319968  63600  24416 380672    0    0     0     0 2099  594  5 17 78  0  0
 0  0 319968  63600  24416 380676    0    0     0     8 2086  540  6 18 76  0  0
 0  0 319968  63600  24416 380684    0    0     0     0 2568  563  2 19 79  0  0
 0  0 319968  63600  24424 380688    0    0     0    16 2399  710  4 22 74  0  0
 0  0 319968  63600  24424 380692    0    0     0     0 2538  570  4 17 79  0  0
 0  0 319968  63600  24424 380696    0    0     0     0 2668  535  5 19 76  0  0
 0  0 319968  63600  24424 380700    0    0     0     0 2317  661  2 19 79  0  0
 0  0 319968  63600  24424 380704    0    0     0   184 1947  568  2 17 81  0  0
 0  0 319968  63600  24436 380708    0    0     0    32 1762  587  3 13 82  1  0
 0  0 319968  63600  24436 380712    0    0     0     0 2156  597  6 18 76  0  0
 0  0 319968  63600  24436 380716    0    0     0     0 2082  603  3 16 80  0  0
 0  0 319968  63600  24452 380844    0    0   124    28 2312  736  6 18 76  0  0
 0  0 319968  63600  24452 380848    0    0     0     0 2227  595  3 19 78  0  0
 0  0 319968  63600  24452 380856    0    0     0     0 2629  639  4 25 71  0  0
 0  0 319968  63600  24452 380860    0    0     0     0 2029  603  3 14 82  0  0
 1  0 319968  63600  24452 380864    0    0     0     0 1814  539  6 16 78  0  0
 0  0 319968  63600  24460 380872    0    0     0    28 2773  696  5 23 72  0  0
 0  0 319968  63600  24460 380876    0    0     0     0 2417  555  3 18 78  0  0
 1  0 319968  63600  24460 380880    0    0     0     0 1971  653  6 19 75  0  0
 0  0 319968  63600  24460 380884    0    0     0     0 2637  664  3 19 78  0  0
 3  0 319968  63600  24460 380888    0    0     0     0 1459  610  3 11 86  0  0
 0  0 319968  63600  24468 380892    0    0     0    12 2127  624  3 16 79  1  0
 0  0 319968  63600  24468 380896    0    0     0     0 1970  534  3 14 83  0  0
 0  0 319968  63600  24468 380900    0    0     0     0 1742  528  3 15 82  0  0
 0  0 319968  63600  24468 380904    0    0     0     0 1961  560  2 20 77  0  0
 0  0 319968  63600  24468 380912    0    0     0     0 2383  640  2 26 72  0  0
 0  0 319968  63600  24476 380916    0    0     0    12 2638  680  4 18 78  0  0
 3  0 319968  63600  24476 380920    0    0     0     0 1969  605  7 16 77  0  0
 0  0 319968  63600  24476 380924    0    0     0     0 2338  635  4 19 76  0  0
 2  0 319968  63600  24476 380928    0    0     0     0 2485  570  2 20 78  0  0
 2  0 319968  63600  24476 380932    0    0     0     0 2674  613  6 23 71  0  0
 0  0 319968  63600  24484 380936    0    0     0    12 2386  573  2 17 81  0  0
 1  0 319968  63600  24484 380940    0    0     0     0 1750  530  2 15 82  0  0
 1  0 319968  63600  24484 380944    0    0     0     0 2701  600  7 22 71  0  0
 0  0 319968  63600  24484 380948    0    0     0     0 1963  594  3 13 83  0  0
 0  0 319968  63600  24484 380952    0    0     0     0 2310  682  5 22 73  0  0
 1  0 319968  63600  24492 380956    0    0     0    12 1998  699  4 18 78  0  0
 0  0 319968  63600  24492 380964    0    0     0   136 2800  586  5 19 77  0  0
 0  0 319968  63600  24492 380968    0    0     0     0 2496  638  2 17 81  0  0
 0  0 319968  63600  24492 380972    0    0     0     0 2710  654  7 25 69  0  0
 1  0 319968  63600  24492 380976    0    0     0     0 1530  530  2 12 86  0  0
 0  0 319968  63600  24500 380980    0    0     0    20 2042  645  2 17 79  1  0
 0  0 319968  63600  24500 380984    0    0     0   276 2185  630  5 18 77  0  0
 1  0 319968  63600  24500 380992    0    0     0     0 2964  607  4 21 75  0  0
 1  0 319968  63600  24500 380996    0    0     0     0 2660  676  5 15 80  0  0
 1  0 319968  63600  24500 381000    0    0     0     0 2369  580  3 18 79  0  0
 0  0 319968  63600  24508 381004    0    0     0    20 1867  648  2 18 80  0  0
 0  0 319968  63600  24508 381008    0    0     0     0 2482  615  2 16 82  0  0
 0  0 319968  63600  24508 381012    0    0     0     0 1859  628  3 15 82  0  0
 0  0 319968  63600  24508 381020    0    0     0     0 1410  540  3 11 86  0  0
 0  0 319968  63600  24508 381024    0    0     0     0 2162  665  2 15 82  0  0
 1  0 319968  63600  24516 381028    0    0     0    12 2416  671  1 20 79  0  0
 1  0 319968  63600  24516 381032    0    0     0     0 1958  623  3 15 82  0  0
 3  0 319968  63600  24516 381036    0    0     0     0 2425  705  3 19 77  0  0
 0  0 319968  63600  24516 381040    0    0     0     0 3000  695  4 27 68  0  0
 0  0 319968  63600  24516 381048    0    0     0     0 1927  577  3 13 84  0  0
 0  0 319968  63600  24524 381052    0    0     0    16 2063  611  3 18 79  0  0
 0  0 319968  63600  24524 381056    0    0     0     0 2330  654  2 18 79  0  0
 0  0 319968  63600  24524 381060    0    0     0     0 2491  631  5 22 74  0  0
 0  0 319968  63600  24524 381064    0    0     0     0 2940  638  2 24 74  0  0
 0  0 319968  63600  24524 381072    0    0     0     0 2078  618  1 18 81  0  0
 1  0 319968  63600  24532 381072    0    0     0    12 1979  568  3 16 79  1  0
 2  0 319968  63600  24532 381080    0    0     0     0 2819  643  2 21 77  0  0
 1  0 319968  63600  24532 381084    0    0     0     0 2340  599  2 20 78  0  0
 0  0 319968  63600  24532 381088    0    0     0     0 2774  609  2 20 77  0  0
 0  0 319968  63600  24532 381092    0    0     0     0 2499  631  4 19 77  0  0
 2  0 319968  63600  24540 381096    0    0     0    12 2062  620  2 21 77  0  0
 0  0 319968  63600  24540 381100    0    0     0     0 2449  598  3 21 76  0  0
 0  0 319968  63600  24540 381104    0    0     0   140 2390  605  3 21 76  0  0
 0  0 319968  63600  24540 381112    0    0     0     0 1944  575  2 17 80  0  0
 0  0 319968  63600  24540 381116    0    0     0     0 2437  576  3 19 77  0  0
 0  0 319968  63600  24548 381120    0    0     0    20 2123  546  3 19 77  0  0
 0  0 319968  63600  24548 381128    0    0     0     0 2828  625  2 16 82  0  0
 0  0 319968  63600  24548 381128    0    0     0     0 2407  615  2 17 80  0  0
 0  0 319968  63600  24548 381136    0    0     0     0 1442  608  3 12 85  0  0
 1  0 319968  63600  24548 381136    0    0     0     0 1914  607  2 18 80  0  0
 0  0 319968  63600  24556 381144    0    0     0    12 2607  639  6 17 78  0  0
 0  0 319968  63600  24556 381148    0    0     0     0 2915  650  4 22 73  0  0
 0  0 319968  63600  24556 381152    0    0     0    20 2234  579  1 14 85  0  0
 0  0 319968  63600  24556 381156    0    0     0     0 1827  532  3 15 81  0  0
 0  0 319968  63600  24556 381160    0    0     0     0 2482  691  3 16 81  0  0
 0  0 319968  63600  24564 381164    0    0     0    12 2228  666  3 18 77  1  0
 0  0 319968  63600  24564 381168    0    0     0     0 2696  623  5 19 77  0  0
 0  0 319968  63600  24564 381172    0    0     0     0 2230  610  2 14 84  0  0
 0  0 319968  63600  24564 381176    0    0     0     0 2455  636  2 15 83  0  0
 0  0 319968  63600  24564 381180    0    0     0     0 1690  610  3 18 79  0  0
 0  0 319968  63600  24572 381188    0    0     0    12 3039  721  2 33 65  0  0
 0  0 319968  63600  24572 381188    0    0     0     0 2779  634  2 22 76  0  0
 0  0 319968  63600  24572 381196    0    0     0     4 1895  602  2 16 81  0  0
 0  0 319968  63600  24572 381200    0    0     0     0 2631  602  6 22 72  0  0
 1  0 319968  63600  24572 381204    0    0     0     0 2371  670  2 20 78  0  0
 0  0 319968  63600  24580 381208    0    0     0    24 1841  564  2 14 83  0  0
 0  0 319968  63600  24580 381212    0    0     0     0 2190  592  4 12 83  0  0
 1  0 319968  63600  24580 381216    0    0     0     0 2821  661  4 25 70  0  0
 0  0 319968  63600  24580 381220    0    0     0     0 2630  580  5 21 74  0  0
 0  0 319968  63600  24580 381224    0    0     0     0 2451  599  6 19 75  0  0
 1  0 319968  63600  24588 381236    0    0     0    12 3164  655  4 26 70  0  0
 1  0 319968  63600  24588 381236    0    0     0     0 2070  600  3 19 77  0  0
 0  0 319968  63600  24588 381244    0    0     0     0 2387  585  2 19 79  0  0
 1  0 319968  63600  24588 381244    0    0     0   136 2258  636  3 20 76  0  0
 0  0 319968  63600  24588 381252    0    0     0     0 1961  549  1 13 86  0  0
 0  0 319968  63600  24596 381256    0    0     0    20 2374  655  2 16 81  1  0
 0  0 319968  63600  24596 381260    0    0     0     0 2096  623  3 15 82  0  0
 0  0 319968  63600  24596 381264    0    0     0     0 1960  507  4 11 86  0  0
 0  0 319968  63600  24596 381268    0    0     0     0 2439  659  3 19 78  0  0
 0  0 319968  63600  24596 381272    0    0     0     0 2426  654  7 18 75  0  0
 0  0 319968  63600  24604 381276    0    0     0    12 1975  593  3 14 82  0  0
 1  0 319968  63600  24604 381280    0    0     0     0 1780  567  2 15 83  0  0
 0  0 319968  63600  24604 381284    0    0     0     0 2777  690  4 24 73  0  0
 1  0 319968  63600  24604 381292    0    0     0     0 2290  552  1 16 83  0  0
 0  0 319968  63600  24604 381292    0    0     0     0 1940  589  4 14 81  0  0
 0  0 319968  63600  24612 381300    0    0     0    12 2706  661  3 22 75  0  0
 3  0 319968  63600  24612 381300    0    0     0     0 1592  544  2 12 86  0  0
 0  0 319968  63600  24612 381308    0    0     0     0 2853  649  4 23 74  0  0
 0  0 319968  63600  24612 381312    0    0     0     0 2450  608  1 17 81  0  0
 0  0 319968  63600  24612 381316    0    0     0     0 2418  564  5 13 83  0  0
 4  0 319968  63600  24620 381320    0    0     0    12 2295  654  4 18 77  0  0
 0  0 319968  63600  24620 381324    0    0     0     0 2068  619  5 16 78  0  0
 0  0 319968  63600  24620 381328    0    0     0     0 1992  612  4 18 78  0  0
 0  0 319968  63600  24620 381332    0    0     0     0 2603  622  5 21 74  0  0
 1  0 319968  63600  24620 381336    0    0     0     0 2745  605  3 19 78  0  0
 0  0 319968  63600  24628 381348    0    0     0    12 2077  660  1 17 81  1  0
 0  0 319968  63600  24628 381348    0    0     0     0 1890  608  3 14 82  0  0
 0  0 319968  63600  24628 381356    0    0     0     0 2790  675  1 20 79  0  0
 3  0 319968  63600  24628 381360    0    0     0    20 2704  622  3 24 73  0  0
 0  0 319968  63600  24628 381364    0    0     0     0 2024  555  3 16 81  0  0
 0  0 319968  63600  24636 381368    0    0     0    12 2654  670  3 25 72  0  0
 0  0 319968  63600  24636 381372    0    0     0     0 2317  631  2 17 81  0  0
 0  0 319968  63600  24636 381376    0    0     0     0 1805  585  4 12 84  0  0
 0  0 319968  63600  24636 381380    0    0     0   136 2435  642  5 23 72  0  0
 0  0 319968  63600  24636 381384    0    0     0     0 2450  668  5 16 78  0  0
 0  0 319968  63600  24644 381388    0    0     0    20 2493  582  2 21 76  0  0
 0  0 319968  63600  24644 381396    0    0     0     0 2303  607  3 15 82  0  0
 0  0 319968  63600  24644 381396    0    0     0     0 2395  641  1 18 81  0  0
 0  0 319968  63600  24644 381404    0    0     0     0 2254  590  1 16 83  0  0
 0  0 319968  63600  24644 381404    8    0     8     0 2391  620  2 14 84  0  0
 2  0 319968  63600  24652 381412    0    0     0    12 2183  613  2 17 80  0  0
 0  0 319968  63600  24652 381416    0    0     0     0 2000  603  4 16 80  0  0
 0  0 319968  63600  24652 381420    0    0     0     0 2582  645  4 18 78  0  0
 0  0 319968  63600  24652 381424    0    0     0     0 2792  564  4 17 80  0  0
 0  0 319968  63600  24652 381428    0    0     0     0 2369  648  2 15 83  0  0
 0  0 319968  63600  24660 381432    0    0     0    12 2867  689  3 24 72  1  0
 0  0 319968  63600  24660 381436    0    0     0     0 1927  563  2 16 81  0  0
 0  0 319968  63600  24660 381440    0    0     0     0 2499  603  2 22 76  0  0
 0  0 319968  63600  24660 381444    0    0     0     0 2219  617  2 17 80  0  0
 0  0 319968  63600  24660 381448    0    0     0    72 2676  561  4 21 75  0  0
 0  0 319968  63600  24668 381460    0    0     0    20 1765  533  5 11 84  0  0
 2  0 319968  63600  24668 381460    0    0     0     0 3135  664  3 24 72  0  0
 0  0 319968  63600  24668 381468    0    0     0     0 2475  546  2 21 76  0  0
 0  0 319968  63600  24668 381472    0    0     0     0 1890  565  2 13 84  0  0
 0  0 319968  63600  24668 381476    0    0     0     0 2336  615  3 20 77  0  0
 0  0 319968  63600  24676 381480    0    0     0    12 2215  650  2 16 81  0  0
 0  0 319968  63600  24676 381484    0    0     0     0 1871  544  2 16 82  0  0
 0  0 319968  63600  24676 381488    0    0     0     0 2776  689  2 20 77  0  0
 0  0 319968  63600  24676 381492    0    0     0     0 2170  628  3 18 78  0  0
 0  0 319968  63600  24676 381496    0    0     0    48 2191  584  6 14 80  0  0
 0  0 319968  63600  24684 381500    0    0     0    20 2405  736  2 22 76  0  0
 0  0 319968  63600  24684 381504    0    0     0     0 1635  635  3 10 87  0  0
 0  0 319968  63600  24684 381512    0    0     0     0 2031  574  2 13 85  0  0
 0  0 319968  63600  24684 381512    0    0     0     0 2375  707  1 20 79  0  0
 0  0 319968  63600  24684 381520    0    0     0     0 1714  605  1 14 85  0  0
 0  0 319968  63600  24692 381512    0    0     0    12 1974  614  1 18 80  0  0
 1  0 319968  63600  24692 381528    0    0     0     0 2773  722  3 24 73  0  0
 0  0 319968  63600  24692 381532    0    0     0     0 2084  562  2 14 84  0  0
 0  0 319968  63600  24692 381536    0    0     0     0 2374  621  3 18 78  0  0
 0  0 319968  63600  24692 381540    0    0     0     0 2854  773  4 27 68  0  0
 0  0 319968  63600  24700 381544    0    0     0    12 2307  641  3 19 77  0  0
 1  0 319968  63600  24700 381548    0    0     0     0 1547  571  2 12 86  0  0
 0  0 319968  63600  24700 381552    0    0     0     0 2777  679  3 21 76  0  0
 0  0 319968  63600  24700 381556    0    0     0     0 2739  617  4 18 77  0  0
 2  0 319968  63600  24700 381560    0    0     0     0 1647  582  2 12 86  0  0
 0  0 319968  63600  24708 381556    0    0     0    12 1989  655  3 17 80  0  0
 0  0 319968  63600  24708 381572    0    0     0     0 1561  537  3 16 81  0  0
 1  0 319968  63600  24708 381572    0    0     0     0 2476  611  4 20 76  0  0
 0  0 319968  63600  24708 381584    0    0     0     0 3249  705  4 23 74  0  0
 0  0 319968  63600  24708 381588    0    0     0     0 1911  624  2 17 80  1  0
 0  0 319968  63600  24716 381592    0    0     0    12 2029  642  4 18 78  0  0
 0  0 319968  63600  24716 381596    0    0     0     0 2662  563  2 19 79  0  0
 0  0 319968  63600  24716 381600    0    0     0     0 2505  593  1 19 80  0  0
 2  0 319968  63600  24716 381604    0    0     0     0 2037  639  2 14 84  0  0
 0  0 319968  63600  24716 381608    0    0     0     0 2119  634  2 15 83  0  0
 0  0 319968  63600  24724 381604    0    0     0    12 1986  613  3 16 80  0  0
 1  0 319968  63600  24724 381616    0    0     0     0 2118  586  2 16 82  0  0
 0  0 319968  63600  24724 381620    0    0     0     0 2191  593  3 17 80  0  0
 0  0 319968  63600  24724 381628    0    0     0     0 1630  485  2 12 86  0  0
 0  0 319968  63600  24724 381628    0    0     0     0 2221  589  3 18 79  0  0
 0  0 319968  63600  24732 381636    0    0     0   156 2517  641  3 14 83  0  0
 0  0 319968  63600  24732 381640    0    0     0     0 2371  679  2 20 78  0  0
 0  0 319968  63600  24732 381644    0    0     0     0 2320  627  3 14 82  0  0
 1  0 319968  63600  24732 381648    0    0     0     0 2590  639  3 20 76  0  0
 1  0 319968  63600  24732 381652    0    0     0     0 2304  593  4 18 78  0  0
 0  0 319968  63600  24740 381656    0    0     0    20 2144  604  2 17 81  0  0
 1  0 319968  63600  24740 381660    0    0     0     0 2104  579  3 16 81  0  0
 0  0 319968  63600  24740 381664    0    0     0     0 2539  650  4 20 75  0  0
 0  0 319968  63600  24740 381668    0    0     0     0 2331  521  3 14 83  0  0
 2  0 319968  63600  24740 381676    0    0     0     0 2116  609  1 16 83  0  0
 0  0 319968  63600  24748 381668    0    0     0    12 2568  650  2 20 78  0  0
 0  0 319968  63600  24748 381684    0    0     0     0 1994  605  3 11 86  0  0
 0  0 319968  63600  24748 381700    0    0     0     0 2374  765  2 24 74  0  0
 1  0 319968  63600  24748 381708    0    0     0     0 1967  529  3 17 79  1  0
 0  0 319968  63600  24748 381712    0    0     0     0 1497  533  3 14 82  0  0
 0  0 319968  63600  24756 381720    0    0     0    12 2050  646  2 17 81  0  0
 0  0 319968  63600  24756 381724    0    0     0     0 2138  488  2 12 86  0  0
 0  0 319968  63600  24756 381728    0    0     0     0 2735  658  2 21 77  0  0
 1  0 319968  63600  24756 381732    0    0     0     0 2021  638  3 15 82  0  0
 0  0 319968  63600  24756 381736    0    0     0     0 2003  561  3 15 82  0  0
 0  0 319968  63600  24764 381732    0    0     0    12 2176  610  3 19 78  0  0
 1  0 319968  63600  24764 381748    0    0     0     0 2545  637  4 18 79  0  0
 0  0 319968  63600  24764 381748    0    0     0     0 1853  518  4 10 86  0  0
 0  0 319968  63600  24764 381756    0    0     0     0 2337  594  3 21 76  0  0
 0  0 319968  63600  24764 381756    0    0     0     0 2339  614  2 16 82  0  0
 0  0 319968  63600  24772 381764    0    0     0    12 2214  646  3 14 82  0  0
 0  0 319968  63600  24772 381768    0    0     0     0 1942  612  3 20 77  0  0
 0  0 319968  63600  24772 381772    0    0     0     0 2136  649  3 20 77  0  0
 0  0 319968  63600  24772 381776    0    0     0     0 1899  550  2 13 85  0  0
 0  0 319968  63600  24772 381780    0    0     0     0 2573  715  6 20 74  0  0
 0  0 319968  63600  24780 381784    0    0     0   156 3203  663  5 23 71  1  0
 0  0 319968  63600  24780 381788    0    0     0     0 2253  611  4 16 80  0  0
 0  0 319968  63600  24780 381792    0    0     0     0 2260  682  3 20 77  0  0
 0  0 319968  63600  24780 381800    0    0     0     0 3005  682  2 25 73  0  0
 0  0 319968  63600  24780 381800    0    0     0     0 2329  647  3 18 79  0  0
 1  0 319968  63600  24788 381808    0    0     0    12 2126  648  3 14 82  0  0
 0  0 319968  63600  24788 381812    0    0     0     0 2685  605  2 20 78  0  0
 0  0 319968  63600  24788 381812    0    0     0     0 2151  591  2 18 80  0  0
 0  0 319968  63600  24788 381820    0    0     0     0 2060  542  3 13 83  0  0
 1  0 319968  63600  24788 381824    0    0     0     0 2376  601  3 20 77  0  0
 0  0 319968  63600  24796 381832    0    0     0    12 1923  602  2 14 84  0  0
 0  0 319968  63600  24796 381836    0    0     0     0 2235  620  3 19 78  0  0
 0  0 319968  63600  24796 381840    0    0     0     0 2437  629  3 19 77  0  0
 2  0 319968  63600  24796 381844    0    0     0     0 1654  594  4 11 84  0  0
 2  0 319968  63600  24796 381848    0    0     0     0 2283  599  2 15 82  0  0
 0  0 319968  63600  24804 381844    0    0     0    12 2512  674  4 26 70  0  0
 0  0 319968  63600  24804 381860    0    0     0     0 1924  545  3 15 82  0  0
 0  0 319968  63600  24804 381860    0    0     0     0 2250  597  3 19 78  0  0
 0  0 319968  63600  24804 381868    0    0     0     0 1781  543  2 15 83  0  0
 0  0 319968  63600  24804 381872    0    0     0     0 1977  575  3 16 81  0  0
 0  0 319968  63600  24804 381876    0    0     0     0 2235  536  1 16 83  0  0
 0  0 319968  63600  24812 381880    0    0     0    12 2538  678  4 18 78  0  0
 3  0 319968  63600  24812 381884    0    0     0     0 1793  591  2 15 82  0  0
 0  0 319968  63600  24812 381888    0    0     0     0 2075  623  2 16 81  0  0
 1  0 319968  63600  24812 381892    0    0     0     0 2973  686  5 27 68  0  0
 0  0 319968  63600  24812 381896    0    0     0     0 2706  587  3 20 77  0  0
 0  0 319968  63600  24820 381900    0    0     0    12 1843  583  2 16 81  1  0
 0  0 319968  63600  24820 381904    0    0     0     0 3073  690  3 20 76  0  0
 0  0 319968  63600  24820 381912    0    0     0     0 2128 1370 13 22 65  0  0
 1  0 319968  63600  24820 381912    0    0     0     0 2345 1314 11 25 64  0  0
 0  0 319968  63600  24820 381900    8    0     8     0  483 1322 11  2 87  0  0
 0  0 319968  63600  24828 381900    0    0     0   152  186  574  1  1 98  0  0
 0  0 319968  63600  24828 381900    0    0     0     0  158  370  2  0 98  0  0
 3  0 319968  63600  24884 381956   55  159  1147   358 1150  711  7  9 84  1  0
 0  0 319968  63600  24884 381956    0    0     0     0  134  319  1  0 99  0  0
 1  0 319968  63600  24884 381956    0    0     0     0  580  286  1  3 96  0  0
 0  0 319968  63600  24884 381960    0    0     0    52 1946  479  0 11 89  0  0
 0  0 319968  63600  24884 381960    0    0     0     0 2359  541  1 14 84  0  0
 0  0 319968  63600  24884 381968    0    0     0     0 2376  562  1 16 82  0  0
 1  0 319968  63600  24884 381968    0    0     0     0 2283  538  1 16 83  0  0
 0  0 319968  63600  24892 381976    0    0     0    12 2347  547  1 19 80  0  0
 1  0 319968  63600  24892 381976    0    0     0     8 2748  568  2 13 85  0  0
 1  0 319968  63600  24892 381984    0    0     0     0 2818  561  2 19 79  0  0
 2  0 319968  63600  24892 381984    0    0     0     0 2239  559  2 20 78  0  0
 0  0 319968  63600  24892 381992    0    0     0     0 2481  616  1 18 80  0  0
 0  0 319968  63600  24900 381988    0    0     0    28 2463  586  4 18 78  0  0
 0  0 319968  63600  24900 382004    0    0     0     0 2227  583  2 16 82  0  0
 0  0 319968  63600  24900 382012    0    0     0     0 2516  510  1 19 80  0  0
 0  0 319968  63600  24900 382012    0    0     0     0 2254  500  1 13 86  0  0
 0  0 319968  63600  24900 382020    0    0     0     0 2682  582  2 18 80  0  0
 0  0 319968  63600  24908 382024    0    0     0    12 3036  603  3 21 74  1  0
 0  0 319968  63600  24908 382024    0    0     0     0 2094  495  2 15 82  0  0
 0  0 319968  63600  24908 382032    0    0     0     0 2465  576  0 17 83  0  0
 0  0 319968  63600  24908 382036    0    0     0     0 2552  609  1 19 80  0  0
 0  0 319968  63600  24908 382040    0    0     0     0 1912  583  1 14 84  0  0
 0  0 319968  63600  24916 382036    0    0     0    12 2040  605  6 18 77  0  0
 1  0 319968  63600  24916 382052    0    0     0   108 2699  571  2 22 75  0  0
 0  0 319968  63600  24916 382052    0    0     0     0 2605  593  2 18 79  0  0
 0  0 319968  63600  24916 382060    0    0     0     0 2284  578  1 21 78  0  0
 0  0 319968  63600  24916 382060    0    0     0     0 2508  573  2 18 79  0  0
 0  0 319968  63600  24924 382068    0    0     0    20 1895  622  2 15 82  0  0
 0  0 319968  63600  24924 382068    0    0     0     0 2057  577  2 19 79  0  0
 0  0 319968  63600  24924 382076    0    0     0     0 1608  553  0 14 86  0  0
 1  0 319968  63600  24924 382080    0    0     0     0 2706  632  5 17 78  0  0
 0  0 319968  63600  24924 382088    0    0     0     0 2153  593  3 18 78  0  0
 1  0 319968  63600  24932 382080    0    0     0    12 2229  626  5 19 77  0  0
 0  0 319968  63600  24932 382096    0    0     0     0 2455  619  3 19 78  0  0
 0  0 319968  63600  24932 382096    0    0     0     0 2411  568  2 17 81  0  0
 0  0 319968  63600  24932 382104    0    0     0     0 2043  658  3 16 80  0  0
 1  0 319968  63600  24932 382104    0    0     0     0 1975  575  3 20 77  0  0
 0  0 319968  63600  24940 382112    0    0     0    12 2998  713  3 20 76  0  0
 0  0 319968  63600  24940 382112    0    0     0     0 2614  635  1 18 81  0  0
 1  0 319968  63600  24940 382124    0    0     0     0 2586  605  2 17 80  0  0
 0  0 319968  63600  24940 382128    0    0     0     0 2291  634  4 20 76  0  0
 0  0 319968  63600  24940 382136    0    0     0     0 2299  630  7 14 79  0  0
 1  0 319968  63600  24948 382140    0    0     0    12 2760  646  3 22 74  0  0
 1  0 319968  63600  24948 382140    0    0     0     0 2836  703  3 22 75  0  0
 0  0 319968  63600  24948 382148    0    0     0     0 2477  625  5 20 75  0  0
 1  0 319968  63600  24948 382148    0    0     0     0 2475  605  3 24 73  0  0
 0  0 319968  63600  24948 382156    0    0     0     0 2458  547  2 18 80  0  0
 0  0 319968  63600  24956 382148    0    0     0    12 2282  578  4 20 76  0  0
 1  0 319968  63600  24956 382164    0    0     0     0 2425  594  5 15 80  0  0
 0  0 319968  63600  24956 382168    0    0     0     0 2322  592  3 21 76  0  0
 0  0 319968  63600  24956 382176    0    0     0     0 2937  636  5 20 76  0  0
 0  0 319968  63600  24956 382176    0    0     0     0 2497  587  3 19 77  1  0
 0  0 319968  63600  24964 382184    0    0     0    12 2527  676  1 19 80  0  0
 0  0 319968  63600  24964 382188    0    0     0     0 2600  546  2 17 81  0  0
 0  0 319968  63600  24964 382188    0    0     0   140 2850  643  3 20 76  0  0
 0  0 319968  63600  24964 382196    0    0     0     0 2630  687  4 20 76  0  0
 0  0 319968  63600  24964 382196    0    0     0     0 1856  516  2 11 87  0  0
 2  0 319968  63600  24972 382204    0    0     0    20 2514  656  2 25 73  0  0
 0  0 319968  63600  24972 382208    0    0     0     0 2248  593  4 16 79  0  0
 5  0 319968  63600  24972 382212    0    0     0     8 2378  571  2 19 79  0  0
 0  0 319968  63600  24972 382220    0    0     0     0 2711  633  5 22 73  0  0
 0  0 319968  63600  24972 382220    0    0     0     0 2090  581  2 18 80  0  0
 2  0 319968  63600  24980 382220    0    0     0    16 1696  565  2 14 83  0  0
 0  0 319968  63600  24980 382228    0    0     0     0 2308  616  5 14 81  0  0
 0  0 319968  63600  24980 382240    0    0     0     0 2536  574  4 18 77  0  0
 0  0 319968  63600  24980 382240    0    0     0     0 2586  587  3 15 82  0  0
 0  0 319968  63600  24980 382248    0    0     0     0 2385  625  2 20 77  0  0
 0  0 319968  63600  24980 382248    0    0     0     0 1945  626  2 13 84  0  0
 1  0 319968  63600  24988 382256    0    0     0    12 2666  638  4 18 78  0  0
 0  0 319968  63600  24988 382256    0    0     0     0 2219  594  3 16 81  0  0
 0  0 319968  63600  24988 382264    0    0     0     0 2233  629  3 15 82  0  0
 5  0 319968  63600  24988 382268    0    0     0     0 2275  646  2 17 81  0  0
 2  0 319968  63600  24988 382276    0    0     0     0 3128  618  6 22 72  0  0
 1  0 319968  63600  24996 382276    0    0     0    12 1876  585  2 18 80  0  0
 1  0 319968  63600  24996 382284    0    0     0     0 2362  544  3 17 80  0  0
 0  0 319968  63600  24996 382284    0    0     0     0 2029  568  3 16 80  0  0
 1  0 319968  63600  24996 382292    0    0     0     0 2591  637  1 22 77  0  0
 1  0 319968  63600  24996 382292    0    0     0     0 1976  574  2 12 86  0  0
 0  0 319968  63600  25004 382300    0    0     0    12 2809  589  3 21 75  0  0
 1  0 319968  63600  25004 382300    0    0     0     0 2334  660  2 12 86  0  0
 0  0 319968  63600  25004 382308    0    0     0     0 1749  583  2 13 85  0  0
 1  0 319968  63600  25004 382308    0    0     0     0 2576  658  3 18 78  0  0
 2  0 319968  63600  25004 382316    0    0     0     0 2393  692  6 14 81  0  0
 0  0 319968  63600  25012 382320    0    0     0    12 2285  559  2 22 76  0  0
 1  0 319968  63600  25012 382324    0    0     0     0 1856  587  2 15 83  0  0
 1  0 319968  63600  25012 382328    0    0     0   140 1973  623  2 18 79  0  0
 0  0 319968  63600  25012 382336    0    0     0     0 2297  548  4 19 77  0  0
 2  0 319968  63600  25012 382336    0    0     0     0 2831  637  1 20 79  0  0
 1  0 319968  63600  25020 382344    0    0     0    20 2265  675  1 17 82  0  0
 0  0 319968  63600  25020 382344    0    0     0     0 1923  563  4 18 78  0  0
 1  0 319968  63600  25020 382352    0    0     0     0 2274  591  2 17 81  0  0
 0  0 319968  63600  25020 382352    0    0     0     0 2583  623  2 20 78  0  0
 0  0 319968  63600  25020 382364    0    0     0     0 2254  534  5 13 83  0  0
 0  0 319968  63600  25028 382368    0    0     0    12 2835  693  3 18 78  0  0
 0  0 319968  63600  25028 382368    0    0     0     0 2236  634  2 19 78  0  0
 0  0 319968  63600  25028 382376    0    0     0    12 2019  559  5 15 79  0  0
 1  0 319968  63600  25028 382376    0    0     0     0 2843  703  2 26 72  0  0
 0  0 319968  63600  25028 382388    0    0     0     0 1997  628  3 15 81  0  0
 1  0 319968  63600  25036 382392    0    0     0    12 2451  596  2 19 79  0  0
 0  0 319968  63600  25036 382392    0    0     0     0 3085  671  4 20 76  0  0
 0  0 319968  63600  25036 382400    0    0     0     0 2256  597  0 17 83  0  0
 0  0 319968  63600  25036 382400    0    0     0     0 2340  655  5 17 77  0  0
 0  0 319968  63600  25036 382408    0    0     0     0 3073  643  2 23 75  0  0
 0  0 319968  63600  25044 382412    0    0     0    12 2336  629  2 15 81  1  0
 0  0 319968  63600  25044 382412    0    0     0     0 2135  627  4 15 82  0  0
 0  0 319968  63600  25044 382420    0    0     0     0 2592  564  3 19 77  0  0
 0  0 319968  63600  25044 382420    0    0     0     0 2651  617  1 22 76  0  0
 0  0 319968  63600  25044 382428    0    0     0     0 2420  634  2 20 78  0  0
 0  0 319968  63600  25052 382436    0    0     0    12 2324  652  2 17 81  0  0
 0  0 319968  63600  25052 382436    0    0     0     0 2816  666  2 26 72  0  0
 1  0 319968  63600  25052 382444    0    0     0     0 2248  632  2 15 83  0  0
 0  0 319968  63600  25052 382444    0    0     0     0 2437  655  2 16 82  0  0
 0  0 319968  63600  25052 382452    0    0     0     0 2352  643  2 24 74  0  0
 0  0 319968  63600  25060 382444    0    0     0    12 1991  578  0 16 84  0  0
 0  0 319968  63600  25060 382460    0    0     0     0 2446  633  5 18 77  0  0
 0  0 319968  63600  25060 382460    0    0     0   136 2338  614  3 19 77  0  0
 0  0 319968  63600  25060 382468    0    0     0     0 2960  577  2 20 77  0  0
 0  0 319968  63600  25060 382468    0    0     0     0 2428  565  3 19 78  0  0
 0  0 319968  63600  25068 382480    0    0     0    20 2560  640  2 18 80  0  0
 0  0 319968  63600  25068 382484    0    0     0     0 3043  602  4 18 79  0  0
 0  0 319968  63600  25068 382488    0    0     0     0 2270  617  1 20 79  0  0
 0  0 319968  63600  25068 382496    0    0     0     0 3048  634  2 22 76  0  0
 0  0 319968  63600  25068 382496    0    0     0     0 2278  553  4 14 81  0  0
 0  0 319968  63600  25076 382504    0    0     0    12 2073  604  2 18 80  0  0
 1  0 319968  63600  25076 382504    0    0     0     0 2544  660  3 20 77  0  0
 0  0 319968  63600  25076 382512    0    0     0     0 2302  528  3 15 81  0  0
 0  0 319968  63600  25076 382512    0    0     0     0 2717  640  3 19 78  0  0
 0  0 319968  63600  25076 382520    0    0     0     0 2639  670  3 18 78  0  0
 0  0 319968  63600  25084 382512    0    0     0    12 2618  639  3 17 78  1  0
 0  0 319968  63600  25084 382528    0    0     0     0 2948  725  4 22 75  0  0
 0  0 319968  63600  25084 382528    0    0     0     0 2232  538  2 15 83  0  0
 0  0 319968  63600  25084 382536    0    0     0     0 2052  586  4 13 82  0  0
 0  0 319968  63600  25084 382536    0    0     0     0 2326  669  3 15 81  0  0
 0  0 319968  63600  25092 382548    0    0     0    12 2154  712  1 19 80  0  0
 0  0 319968  63600  25092 382548    0    0     0     0 1893  613  1 13 86  0  0
 0  0 319968  63600  25092 382556    0    0     0     0 2724  595  3 15 82  0  0
 0  0 319968  63600  25092 382556    0    0     0     0 2217  612  3 17 80  0  0
 0  0 319968  63600  25092 382564    0    0     0     0 2002  590  2 16 82  0  0
 0  0 319968  63600  25100 382556    0    0     0    12 1752  614  2 16 81  0  0
 1  0 319968  63600  25100 382572    0    0     0     0 2041  658  2 16 82  0  0
 0  0 319968  63600  25100 382572    0    0     0     0 2031  613  2 14 84  0  0
 0  0 319968  63600  25100 382580    0    0     0     0 1928  560  2 16 82  0  0
 0  0 319968  63600  25100 382580    0    0     0     0 3008  696  8 23 69  0  0
 0  0 319968  63600  25108 382592    0    0     0    12 2303  591  0 16 84  0  0
 0  0 319968  63600  25108 382592    0    0     0     0 2414  572  2 25 73  0  0
 0  0 319968  63600  25108 382604    0    0     0     0 2359  661  5 20 76  0  0
 0  0 319968  63600  25108 382604    0    0     0   136 2502  593  1 15 84  0  0
 0  0 319968  63600  25108 382612    0    0     0     0 2357  555  1 19 80  0  0
 0  0 319968  63600  25116 382604    0    0     0    20 2373  681  2 20 77  0  0
 2  0 319968  63600  25116 382620    0    0     0     0 2164  554  2 19 79  0  0
 0  0 319968  63600  25116 382624    0    0     0     0 2229  581  3 15 82  0  0
 1  0 319968  63600  25116 382624    0    0     0     8 2549  579  2 22 76  0  0
 0  0 319968  63600  25116 382632    0    0     0     0 1423  592  3 10 87  0  0
 1  0 319968  63600  25124 382624    0    0     0    12 3200  627  2 25 73  0  0
 0  0 319968  63600  25124 382640    0    0     0     0 2663  750  5 22 73  0  0
 1  0 319968  63600  25124 382640    0    0     0     0 2150  590  2 17 80  0  0
 0  0 319968  63600  25124 382648    0    0     0     0 2988  723  2 20 78  0  0
 1  0 319968  63600  25124 382656    0    0     0     0 2107  661  2 16 82  0  0
 0  0 319968  63600  25132 382648    0    0     0    12 2475  586  2 22 75  0  0
 3  0 319968  63600  25132 382664    0    0     0     0 2368  676  2 21 77  0  0
 0  0 319968  63600  25132 382664    0    0     0     0 2298  670  3 16 80  0  0
 2  0 319968  63600  25132 382672    0    0     0     0 2319  610  2 15 83  0  0
 0  0 319968  63600  25132 382672    0    0     0     0 2081  622  6 18 76  0  0
 1  0 319968  63600  25140 382680    0    0     0    12 2615  641  1 20 78  1  0
 0  0 319968  63600  25140 382680    0    0     0     0 1978  580  2 11 86  0  0
 1  0 319968  63600  25140 382688    0    0     0     0 2741  571  3 21 76  0  0
 0  0 319968  63600  25140 382688    0    0     0     0 2458  622  2 16 81  0  0
 1  0 319968  63600  25140 382696    0    0     0     0 1695  557  2 11 86  0  0
 0  0 319968  63600  25148 382688    0    0     0    12 2603  599  4 15 81  0  0
 1  0 319968  63600  25148 382712    0    0     0     0 2363  647  1 20 79  0  0
 0  0 319968  63600  25148 382716    0    0     0     0 2463  565  1 18 81  0  0
 2  0 319968  63600  25148 382716    0    0     0     0 2296  617  1 15 84  0  0
 0  0 319968  63600  25148 382724    0    0     0     0 2564  684  3 19 77  0  0
 1  0 319968  63600  25156 382728    0    0     0    12 2724  676  2 20 77  0  0
 0  0 319968  63600  25156 382728    0    0     0     0 2185  607  2 17 81  0  0
 0  0 319968  63600  25156 382736    0    0     0     0 2657  693  4 23 72  0  0
 0  0 319968  63600  25156 382736    0    0     0     0 1754  568  1 14 85  0  0
 1  0 319968  63600  25156 382744    0    0     0   136 2652  591  2 22 76  0  0
 0  0 319968  63600  25164 382736    0    0     0    20 2949  669  3 25 72  0  0
 1  0 319968  63600  25164 382752    0    0     0     0 2554  589  3 18 78  0  0
 0  0 319968  63600  25164 382752    0    0     0     0 2649  660  3 18 79  0  0
 1  0 319968  63600  25164 382764    0    0     0     0 2180  656  2 17 81  0  0
 0  0 319968  63600  25164 382764    0    0     0     0 2068  522  2 14 83  0  0
 1  0 319968  63600  25172 382772    0    0     0    12 2801  607  3 21 75  0  0
 0  0 319968  63600  25172 382772    0    0     0     0 3011  740  6 24 70  0  0
 0  0 319968  63600  25172 382796    0    0     0     0 2028  519  3 11 86  0  0
 0  0 319968  63600  25172 382796    0    0     0     0 2434  542  2 18 79  0  0
 1  0 319968  63600  25172 382804    0    0     0     0 2447  633  5 19 76  0  0
 0  0 319968  63600  25180 382796    0    0     0    12 1698  520  2 14 84  0  0
 1  0 319968  63600  25180 382812    0    0     0     0 2502  630  2 16 81  0  0
 1  0 319968  63600  25180 382812    0    0     0     0 2265  549  2 18 79  0  0
 0  0 319968  63600  25180 382820    0    0     0     0 1818  562  2 12 86  0  0
 1  0 319968  63600  25180 382820    0    0     0     0 2051  626  3 16 81  0  0
 1  0 319968  63600  25188 382828    0    0     0    12 2461  635  2 21 76  0  0
 0  0 319968  63600  25188 382832    0    0     0     0 2322  553  3 14 83  0  0
 0  0 319968  63600  25188 382840    0    0     0     0 2804  671  2 20 78  0  0
 0  0 319968  63600  25188 382840    0    0     0     0 2295  630  3 20 76  0  0
 0  0 319968  63600  25188 382852    0    0     0     0 1452  544  2 12 86  0  0
 0  0 319968  63600  25196 382844    0    0     0    12 2543  678  2 18 80  0  0
 2  0 319968  63600  25196 382860    0    0     0     0 2449  635  2 17 80  0  0
 0  0 319968  63600  25196 382860    0    0     0     0 2622  568  2 19 79  0  0
 1  0 319968  63600  25196 382868    0    0     0     0 2725  568  2 20 78  0  0
 1  0 319968  63600  25196 382868    0    0     0     0 2460  610  5 20 75  0  0
 1  0 319968  63600  25204 382876    0    0     0    12 2143  579  1 16 83  0  0
 0  0 319968  63600  25204 382876    0    0     0     0 2379  621  2 18 80  0  0
 1  0 319968  63600  25204 382884    0    0     0     0 2258  683  3 18 79  0  0
 0  0 319968  63600  25204 382888    0    0     0     0 1778  592  2 17 81  0  0
 1  0 319968  63600  25204 382888    0    0     0   136 3088  648  4 21 75  0  0
 1  0 319968  63600  25212 382900    0    0     0    20 2603  610  2 21 75  1  0
 1  0 319968  63600  25212 382900    0    0     0     0 2016  548  2 16 82  0  0
 0  0 319968  63600  25212 382908    0    0     0     0 2343  579  2 16 82  0  0
 1  0 319968  63600  25212 382908    0    0     0     0 1982  569  3 13 84  0  0
 0  0 319968  63600  25212 382916    0    0     0     8 2222  547  2 17 80  0  0
 1  0 319968  63600  25220 382908    0    0     0    12 2148  623  3 17 79  0  0
 1  0 319968  63600  25220 382924    0    0     0     0 1875  607  1 20 78  0  0
 1  0 319968  63600  25220 382924    0    0     0     0 2327  566  2 18 80  0  0
 0  0 319968  63600  25220 382932    0    0     0     0 2684  612  2 15 83  0  0
 1  0 319968  63600  25220 382932    0    0     0     0 2812  710  4 21 75  0  0
 0  0 319968  63600  25228 382940    0    0     0    12 1854  561  1 13 86  0  0
 0  0 319968  63600  25228 382940    0    0     0     0 2937  669  4 24 72  0  0
 0  0 319968  63600  25228 382952    0    0     0     0 2325  695  2 21 77  0  0
 1  0 319968  63600  25228 382952    0    0     0     0 1494  558  1 13 86  0  0
 0  0 319968  63600  25228 382960    0    0     0     0 3060  697  3 22 75  0  0
 1  0 319968  63600  25236 382952    0    0     0    12 2952  676  4 19 78  0  0
 0  0 319968  63600  25236 382972    0    0     0     0 2079  551  1 16 83  0  0
 1  0 319968  63600  25236 382972    0    0     0     0 2277  590  3 19 78  0  0
 0  0 319968  63600  25236 382980    0    0     0     0 2718  648  3 21 75  0  0
 1  0 319968  63600  25236 382980    0    0     0     0 1511  492  3 10 87  0  0
 0  0 319968  63600  25244 382988    0    0     0    12 2365  650  3 16 80  0  0
 1  0 319968  63600  25244 382988    0    0     0     0 2347  616  2 14 84  0  0
 0  0 319968  63600  25244 382996    0    0     0     0 2048  579  2 14 83  0  0
 2  0 319968  63600  25244 382996    0    0     0     0 2548  601  1 22 77  0  0
 0  0 319968  63600  25244 383008    0    0     0     0 2662  624  3 17 79  0  0
 1  0 319968  63600  25252 383000    0    0     0    12 1950  603  3 14 82  1  0
 2  0 319968  63600  25252 383016    0    0     0     0 2674  622  1 24 75  0  0
 1  0 319968  63600  25252 383016    0    0     0     0 2592  632  3 19 77  0  0
 0  0 319968  63600  25252 383024    0    0     0     0 2396  601  2 19 78  0  0
 2  0 319968  63600  25252 383024    0    0     0     0 2060  559  2 13 85  0  0
 0  0 319968  63600  25260 383032    0    0     0   152 2009  624  2 12 86  0  0
 1  0 319968  63600  25260 383032    0    0     0     0 2355  559  2 13 85  0  0
 0  0 319968  63600  25260 383040    0    0     0     0 2496  613  4 14 81  0  0
 1  0 319968  63600  25260 383040    0    0     0     0 2601  645  5 17 78  0  0
 0  0 319968  63600  25260 383048    0    0     0     0 2027  595  4 18 77  0  0
 0  0 319968  63600  25268 383040    0    0     0    20 2596  619  1 19 80  0  0
 0  0 319968  63600  25268 383060    0    0     0     0 2747  640  3 19 77  0  0
 1  0 319968  63600  25268 383060    0    0     0     0 1800  521  3 11 86  0  0
 0  0 319968  63600  25268 383068    0    0     0     0 3017  619  3 22 75  0  0
 1  0 319968  63600  25268 383068    0    0     0     0 2458  639  1 19 80  0  0
 0  0 319968  63600  25276 383080    0    0     0    12 1943  545  2 10 88  0  0
 1  0 319968  63600  25276 383084    0    0     0     0 2620  615  3 19 78  0  0
 1  0 319968  63600  25276 383084    0    0     0     0 2443  670  5 16 80  0  0
 1  0 319968  63600  25276 383092    0    0     0     0 2078  514  2 15 82  0  0
 0  0 319968  63600  25276 383092    0    0     0     0 2351  609  7 14 79  0  0
 1  0 319968  63600  25284 383100    0    0     0    12 3450  698  6 27 67  0  0
 0  0 319968  63600  25284 383104    0    0     0     0 1757  526  1 11 88  0  0
 0  0 319968  63600  25284 383104    0    0     0     0 2400  682  3 15 82  0  0
 0  0 319968  63600  25284 383116    0    0     0     0 2763  670  3 19 78  0  0
 1  0 319968  63600  25284 383116    0    0     0     0 2010  567  2 16 81  0  0
 0  0 319968  63600  25292 383124    0    0     0    12 2461  594  3 22 75  0  0
 2  0 319968  63600  25292 383128    0    0     0     0 3105  742  4 18 79  0  0
 0  0 319968  63600  25292 383128    0    0     0     0 1635  499  1 10 89  0  0
 1  0 319968  63600  25292 383136    0    0     0     0 2392  552  6 17 78  0  0
 0  0 319968  63600  25292 383136    0    0     0     0 2846  749  7 21 72  0  0
 1  0 319968  63600  25300 383144    0    0     0    12 2304  589  3 15 81  0  0
 0  0 319968  63600  25300 383144    0    0     0     0 2830  595  6 19 75  0  0
 1  0 319968  63600  25300 383152    0    0     0     0 2276  623  4 20 76  0  0
 0  0 319968  63600  25300 383152    0    0     0     0 2255  548  3 13 84  0  0
 1  0 319968  63600  25300 383160    0    0     0     0 2641  571  5 23 73  0  0
 0  0 319968  63600  25308 383152    0    0     0    12 2711  669  4 22 72  1  0
 1  0 319968  63600  25308 383172    0    0     0   136 2099  600  4 15 81  0  0
 4  0 319968  63600  25308 383172    0    0     0     0 2188  593  2 16 81  0  0
 2  0 319968  63600  25308 383180    0    0     0     0 2496  589  2 24 74  0  0
 0  0 319968  63600  25316 383172    0    0     0    48 2418  622  5 17 79  0  0
 4  0 319968  63600  25316 383192    0    0     0     0 2305  593  2 19 79  0  0
 1  0 319968  63600  25316 383196    0    0     0     8 2582  791  3 19 78  0  0
 1  0 319968  63600  25316 383196    0    0     0     0 1919  552  4 13 84  0  0
 0  0 319968  63600  25316 383204    0    0     0     0 2689  647  5 18 78  0  0
 1  0 319968  63600  25324 383196    0    0     0    44 2448  666  3 21 75  1  0
 2  0 319968  63600  25324 383212    0    0     0     0 1835  542  3 13 83  0  0
 1  0 319968  63600  25324 383216    0    0     0     0 2239  666  2 17 80  0  0
 0  0 319968  63600  25324 383224    0    0     0     0 2769  624  5 19 76  0  0
 2  0 319968  63600  25324 383224    0    0     0     0 1798  484  3 13 83  0  0
 0  0 319968  63600  25332 383232    0    0     0    12 2911  720  3 21 76  0  0
 1  0 319968  63600  25332 383236    0    0     0     0 2698  600  5 22 73  0  0
 0  0 319968  63600  25332 383236    0    0     0     0 2003  533  2 12 85  0  0
 3  0 319968  63600  25332 383244    0    0     0     0 2139  602  1 18 81  0  0
 0  0 319968  63600  25332 383248    0    0     0     0 2536  641  2 21 77  0  0
 1  0 319968  63600  25340 383252    0    0     0    12 1901  570  3 15 82  0  0
 0  0 319968  63600  25340 383256    0    0     0     0 3163  657  8 26 66  0  0
 1  0 319968  63600  25340 383256    0    0     0     0 3179  631  2 25 73  0  0
 1  0 319968  63600  25340 383264    0    0     0     0 2061  565  2 19 79  0  0
 1  0 319968  63600  25340 383268    0    0     0     0 1959  666  2 18 80  0  0
 1  0 319968  63600  25348 383276    0    0     0    12 2136  651  2 16 82  0  0
 4  0 319968  63600  25348 383276    0    0     0     0 2849  597  2 19 79  0  0
 0  0 319968  63600  25348 383284    0    0     0     0 2781  625  7 20 73  0  0
 4  0 319968  63600  25348 383288    0    0     0     0 2260  597  2 15 83  0  0
 1  0 319968  63600  25348 383292    0    0     0     0 1546  532  1 10 89  0  0
 1  0 319968  63600  25356 383296    0    0     0    12 3092  620  3 22 75  0  0
 0  0 319968  63600  25356 383300    0    0     0     0 2428  624  3 16 80  0  0
 5  0 319968  63600  25356 383304    0    0     0   136 2249  639  2 20 78  0  0
 0  0 319968  63600  25356 383308    0    0     0     0 2232  559  2 17 81  0  0
 2  0 319968  63600  25356 383312    0    0     0     0 2399 1440 12 25 63  0  0
 1  0 319968  63600  25364 383304    0    0     0    20 1604 1136 15 15 70  0  0
 1  0 318176  63600  25364 383304 2028    0  2028     0  570 1532  9  3 82  5  0
 0  0 318176  63600  25364 383304    0    0     0     0  140  286  2  0 98  0  0
 5  0 318176  63600  25380 383392   50  144  1036   324 1267  709  6  9 84  1  0
 0  0 318176  63600  25380 383392    0    0     0     0  162  295  1  0 99  0  0
 0  0 318176  63600  25388 383348    4    0     4    12  175  372  1  1 98  0  0
 0  0 318176  63600  25388 383324    0    0     0     0 1204  406  2  5 92  0  0
 0  0 318176  63600  25388 383328    0    0     0     0 1588  594  1 15 84  0  0
 2  0 318176  63600  25388 383332    0    0     0     0 1778  566  3 18 78  0  0
 0  0 318176  63600  25388 383336    0    0     0     0 2734  624  2 21 77  0  0
 0  0 318176  63600  25388 383344    0    0     0    24 2644  615  5 16 78  0  0
 3  0 318176  63600  25396 383344    0    0     0    20 2051  644  1 17 82  0  0
 0  0 318176  63600  25396 383352    0    0     0     0 2576  590  2 13 85  0  0
 0  0 318176  63600  25396 383352    0    0     0     0 2615  674  5 19 76  0  0
 1  0 318176  63600  25396 383360    0    0     0     0 2771 1049  6 20 75  0  0
 0  0 318176  63600  25396 383364    0    0     0    24 2507  529  1 13 85  0  0
 0  0 318176  63600  25404 383368    0    0     0    20 2562  585  1 18 81  0  0
 0  0 318176  63600  25404 383372    0    0     0     0 2505  612  3 17 80  0  0
 0  0 318176  63600  25404 383376    0    0     0     0 2589  560  1 20 79  0  0
 0  0 318176  63600  25404 383380    0    0     0     0 2806  601  2 24 74  0  0
 0  0 318176  63600  25404 383388    0    0     0     0 2409  521  0 20 80  0  0
 0  0 318176  63600  25412 383388    0    0     0    12 2333  650  1 20 78  0  0
 0  0 318176  63600  25412 383396    0    0     0     0 2372  591  2 16 82  0  0
 0  0 318176  63600  25412 383400    0    0     0     0 1865  530  1 12 87  0  0
 0  0 318176  63600  25412 383404    0    0     0     0 2464  570  2 17 80  0  0
 1  0 318176  63600  25412 383408    0    0     0     0 2398  583  2 18 79  0  0
 2  0 318176  63600  25420 383412    0    0     0    12 2595  577  3 23 73  1  0
 1  0 318176  63600  25420 383420    0    0     0     0 2499  579  1 19 80  0  0
 0  0 318176  63600  25420 383428    0    0     0     0 2702  533  0 17 83  0  0
 1  0 318176  63600  25420 383428    0    0     0     0 2631  664  2 24 74  0  0
 0  0 318176  63600  25420 383436    0    0     0     0 1838  597  2 16 81  0  0
 0  0 318176  63600  25428 383436    0    0     0    12 2051  498  2 13 84  0  0
 3  0 318176  63600  25428 383444    0    0     0     0 1998  572  1 16 83  0  0
 0  0 318176  63600  25428 383448    0    0     0     0 3017  682  5 24 71  0  0
 0  0 318176  63600  25428 383452    0    0     0     0 2859  645  3 22 74  0  0
 0  0 318176  63600  25428 383456    0    0     0     0 2160  604  2 15 83  0  0
 1  0 318176  63600  25436 383460    0    0     0    12 2552  654  3 15 82  0  0
 0  0 318176  63600  25436 383464    0    0     0     0 2285  617  4 17 79  0  0
 0  0 318176  63600  25436 383472    0    0     0     0 2492  656  3 18 78  0  0
 0  0 318176  63600  25436 383476    0    0     0     0 2908  709  9 19 72  0  0
 0  0 318176  63600  25436 383476    0    0     0     0 2827  649  2 21 77  0  0
 0  0 318176  63600  25444 383484    0    0     0    12 2726  708  2 18 80  0  0
 0  0 318176  63600  25444 383488    0    0     0     0 2026  586  3 17 79  0  0
 0  0 318176  63600  25444 383492    0    0     0     0 2808  611  3 21 76  0  0
 0  0 318176  63600  25444 383496    0    0     0     0 2947  682  2 27 71  0  0
 0  0 318176  63600  25444 383500    0    0     0     0 2816  593  3 19 78  0  0
 1  0 318176  63600  25452 383508    0    0     0   164 2552  592  3 19 78  0  0
 2  0 318176  63600  25452 383508    0    0     0     0 1956  595  2 19 79  0  0
 2  0 318176  63600  25452 383516    0    0     0     0 1962  605  2 17 80  0  0
 0  0 318176  63600  25452 383516    0    0     0     0 2227  690  6 22 72  0  0
 1  0 318176  63600  25452 383524    0    0     0     0 2075  622  2 18 80  0  0
 2  0 318176  63600  25460 383520    0    0     0    20 2170  633  3 16 80  0  0
 1  0 318176  63600  25460 383532    0    0     0     0 2200  635  2 18 80  0  0
 0  0 318176  63600  25460 383540    0    0     0     0 2171  554  3 15 82  0  0
 0  0 318176  63600  25460 383548    0    0     0     0 2191  647  3 19 78  0  0
 0  0 318176  63600  25460 383548    0    0     0     0 2337  640  2 17 80  0  0
 0  0 318176  63600  25468 383556    0    0     0    12 2319  673  2 12 86  0  0
 0  0 318176  63600  25468 383556    0    0     0     0 2287  628  3 19 77  1  0
 0  0 318176  63600  25468 383564    0    0     0     0 1961  518  2 13 85  0  0
 1  0 318176  63600  25468 383564    0    0     0     0 2849  725  5 23 73  0  0
 0  0 318176  63600  25468 383572    0    0     0     0 2596  604  2 17 81  0  0
 0  0 318176  63600  25476 383568    0    0     0    12 2126  542  2 16 81  1  0
 0  0 318176  63600  25476 383580    0    0     0     0 2569  578  6 15 79  0  0
 0  0 318176  63600  25476 383584    0    0     0     0 2390  589  2 13 85  0  0
 0  0 318176  63600  25476 383588    0    0     0     0 2685  577  1 14 85  0  0
 1  0 318176  63600  25476 383592    0    0     0     0 1990  623  3 15 81  0  0
 1  0 318176  63600  25484 383600    0    0     0    16 2470  669  3 17 80  0  0
 0  0 318176  63600  25484 383600    0    0     0     0 2009  528  2 16 82  0  0
 1  0 318176  63600  25484 383608    0    0     0     0 2165  675  4 16 80  0  0
 0  0 318176  63600  25484 383612    0    0     0     0 2664  603  2 20 78  0  0
 0  0 318176  63600  25484 383612    0    0     0     0 1527  551  1 11 88  0  0
 0  0 318176  63600  25492 383620    0    0     0    12 2397  728  5 15 80  0  0
 0  0 318176  63600  25492 383620    0    0     0     0 2740  648  3 19 78  0  0
 0  0 318176  63600  25492 383628    0    0     0     0 1829  585  2 18 80  0  0
 1  0 318176  63600  25492 383632    0    0     0     0 2471  660  3 20 77  0  0
 0  0 318176  63600  25492 383636    0    0     0     0 2489  706  2 22 76  0  0
 0  0 318176  63600  25500 383632    0    0     0   148 1741  560  2 13 85  0  0
 0  0 318176  63600  25500 383644    0    0     0     0 2547  675  2 19 78  0  0
 0  0 318176  63600  25500 383648    0    0     0     0 1931  620  3 11 85  0  0
 0  0 318176  63600  25500 383652    0    0     0     0 1928  626  3 14 83  0  0
 0  0 318176  63600  25500 383660    0    0     0     0 2101  645  1 16 83  0  0
 0  0 318176  63600  25508 383668    0    0     0    20 1712  566  2 16 82  0  0
 0  0 318176  63600  25508 383668    0    0     0     0 1956  596  3 16 80  0  0
 0  0 318176  63600  25508 383676    0    0     0     0 1667  572  2 17 81  0  0
 0  0 318176  63600  25508 383676    0    0     0     0 2092  575  2 15 83  0  0
 0  0 318176  63600  25508 383684    0    0     0     0 2001  546  2 14 83  0  0
 0  0 318176  63600  25516 383688    0    0     0    12 2168  609  2 17 80  1  0
 0  0 318176  63600  25516 383692    0    0     0     0 2348  666  4 18 78  0  0
 0  0 318176  63600  25516 383696    0    0     0     0 1817  546  4 16 79  0  0
 0  0 318176  63600  25516 383700    0    0     0     0 2621  594  2 16 81  0  0
 0  0 318176  63600  25516 383704    0    0     0     0 2647  639  2 18 79  0  0
 1  0 318176  63600  25524 383712    0    0     0    12 2478  640  0 17 83  0  0
 0  0 318176  63600  25524 383712    0    0     0     0 2680  586  2 19 78  0  0
 0  0 318176  63600  25524 383720    0    0     0     0 2010  596  3 17 79  0  0
 0  0 318176  63600  25524 383724    0    0     0     0 2394  583  2 18 80  0  0
 0  0 318176  63600  25524 383724    0    0     0     0 2607  656  3 22 74  0  0
 0  0 318176  63600  25532 383732    0    0     0    12 2335  626  3 16 80  0  0
 2  0 318176  63600  25532 383736    0    0     0    12 1936  565  2 12 86  0  0
 0  0 318176  63600  25532 383740    0    0     0     0 2045  617  1 19 80  0  0
 1  0 318176  63600  25532 383744    0    0     0     0 2506  641  9 17 74  0  0
 0  0 318176  63600  25532 383748    0    0     0     0 2282  609  0 15 85  0  0
 2  0 318176  63600  25540 383744    0    0     0    12 2984  708  5 22 74  0  0
 0  0 318176  63600  25540 383756    0    0     0     0 2780  692  4 21 75  0  0
 0  0 318176  63600  25540 383760    0    0     0     0 2462  527  1 19 80  0  0
 1  0 318176  63600  25540 383768    0    0     0     0 2348  620  2 16 82  0  0
 0  0 318176  63600  25540 383768    0    0     0     0 2017  587  2 15 83  0  0
 0  0 318176  63600  25548 383780    0    0     0    12 2128  540  2 20 78  0  0
 1  0 318176  63600  25548 383784    0    0     0   136 2316  661  5 20 74  0  0
 0  0 318176  63600  25548 383784    0    0     0     0 2552  633  4 21 75  0  0
 0  0 318176  63600  25548 383792    0    0     0     0 2290  632  2 15 83  0  0
 0  0 318176  63600  25548 383796    0    0     0     0 2055  621  3 18 78  0  0
 0  0 318176  63600  25556 383792    0    0     0    20 2589  645  1 18 81  0  0
 0  0 318176  63600  25556 383804    0    0     0     0 1574  562  4 15 81  0  0
 0  0 318176  63600  25556 383808    0    0     0     0 2141  630  3 14 83  0  0
 2  0 318176  63600  25556 383812    0    0     0     0 2126  599  3 13 84  0  0
 0  0 318176  63600  25556 383816    0    0     0     0 1888  582  5 15 81  0  0
 0  0 318176  63600  25564 383824    0    0     0    12 2490  640  3 19 77  1  0
 0  0 318176  63600  25564 383824    0    0     0    48 2630  640  3 19 77  0  0
 0  0 318176  63600  25564 383832    0    0     0     0 1863  550  3 15 82  0  0
 1  0 318176  63600  25564 383836    0    0     0     0 2477  673  3 19 78  0  0
 0  0 318176  63600  25564 383836    0    0     0     0 2051  579  2 10 88  0  0
 0  0 318176  63600  25572 383844    0    0     0    20 2293  632  2 15 83  0  0
 0  0 318176  63600  25572 383848    0    0     0     0 3077  722  5 23 72  0  0
 0  0 318176  63600  25572 383848    0    0     0     0 2534  598  4 16 80  0  0
 0  0 318176  63600  25572 383856    0    0     0     0 2089  556  2 14 84  0  0
 0  0 318176  63600  25572 383860    0    0     0     0 2361  607  2 21 76  0  0
 0  0 318176  63600  25580 383864    0    0     0    12 2408  663  2 13 85  0  0
 0  0 318176  63600  25580 383868    0    0     0     0 2557  596  1 18 81  0  0
 1  0 318176  63600  25580 383876    0    0     0     0 2918  575  3 19 78  0  0
 0  0 318176  63600  25580 383876    0    0     0     0 1652  626  3 11 86  0  0
 0  0 318176  63600  25580 383884    0    0     0     0 2521  628  5 19 76  0  0
 0  0 318176  63600  25588 383876    0    0     0    12 2648  713  5 22 74  0  0
 0  0 318176  63600  25588 383896    0    0     0    72 2402  698  5 20 76  0  0
 1  0 318176  63600  25588 383896    0    0     0     0 1728  537  4 11 84  0  0
 0  0 318176  63600  25588 383904    0    0     0     0 2712  654  7 23 70  0  0
 0  0 318176  63600  25588 383904    0    0     0     0 2009  611  2 18 80  0  0
 0  0 318176  63600  25596 383912    0    0     0    20 1838  593  2 14 83  0  0
 0  0 318176  63600  25596 383916    0    0     0     0 2990  685  3 26 71  0  0
 0  0 318176  63600  25596 383920    0    0     0     0 2225  588  2 15 83  0  0
 0  0 318176  63600  25596 383924    0    0     0     0 1980  586  4 12 84  0  0
 0  0 318176  63600  25596 383932    0    0     0     0 2692  611  4 20 76  0  0
 0  0 318176  63600  25604 383924    0    0     0    12 2617  648  3 16 81  0  0
 0  0 318176  63600  25604 383956    0    0     0     0 2117  596  2 16 82  0  0
 0  0 318176  63600  25604 383956    0    0     0    48 1803  527  2 13 84  0  0
 0  0 318176  63600  25604 383964    0    0     0     0 2313  600  3 17 79  0  0
 1  0 318176  63600  25604 383964    0    0     0     0 2103  663  2 15 83  0  0
 0  0 318176  63600  25612 383972    0    0     0    20 2045  650  3 16 80  1  0
 0  0 318176  63600  25612 383972    0    0     0     0 2814  604  2 16 82  0  0
 0  0 318176  63600  25612 383980    0    0     0     0 2503  580  5 18 78  0  0
 1  0 318176  63600  25612 383984    0    0     0     0 2281  649  3 18 79  0  0
 0  0 318176  63600  25612 383988    0    0     0     0 2861  673  2 19 79  0  0
 0  0 318176  63600  25620 383984    0    0     0    12 2037  641  1 17 82  0  0
 0  0 318176  63600  25620 384000    0    0     0     0 2361  663  3 22 75  0  0
 0  0 318176  63600  25620 384000    0    0     0     0 2099  554  3 14 83  0  0
 1  0 318176  63600  25620 384008    0    0     0     0 2378  611  5 14 82  0  0
 0  0 318176  63600  25620 384008    0    0     0     0 2326  558  3 14 83  0  0
 0  0 318176  63600  25628 384016    0    0     0    12 2877  637  2 24 74  0  0
 0  0 318176  63600  25628 384016    0    0     0     0 1692  584  1 11 88  0  0
 0  0 318176  63600  25628 384028    0    0     0    72 1821  538  3 14 83  0  0
 2  0 318176  63600  25628 384032    0    0     0     0 2748  705  9 21 70  0  0
 0  0 317920  63600  25628 384396  188    0   516     0 2302  671  4 16 79  1  0
 0  0 317920  63600  25636 384368    0    0     0    24 2105  639  2 13 84  0  0
 0  0 317920  63600  25636 384372    0    0     0     0 1997  619  6 14 80  0  0
 0  0 317920  63600  25636 384376    0    0     0     0 2075  552  3 19 78  0  0
 0  0 317920  63600  25636 384380    0    0     0     0 2218  563  3 16 81  0  0
 0  0 317920  63600  25636 384388    0    0     0     0 2144  643  3 20 76  0  0
 2  0 317920  63600  25644 384392    0    0     0    12 1934  550  2 18 80  0  0
 0  0 317920  63600  25644 384392    0    0     0     0 2210  596  5 16 78  0  0
 0  0 317920  63600  25644 384400    0    0     0    56 2593  700  6 19 75  0  0
 0  0 317920  63600  25644 384400    0    0     0     0 2424  561  5 20 76  0  0
 2  0 317920  63600  25644 384408    0    0     0     0 2053  588  2 15 82  0  0
 1  0 317920  63600  25652 384400    0    0     0    20 2095  666  4 15 80  0  0
 0  0 317920  63600  25652 384416    0    0     0     0 2294  543  3 17 78  1  0
 0  0 317920  63600  25652 384420    0    0     0     0 2073  624  4 12 85  0  0
 0  0 317920  63600  25652 384424    0    0     0     0 2246  626  2 14 84  0  0
 0  0 317920  63600  25652 384428    0    0     0     0 1856  588  4 15 81  0  0
 0  0 317920  63600  25660 384432    0    0     0    12 2156  616  3 19 78  0  0
 0  0 317920  63600  25660 384436    0    0     0     0 2451  686  3 16 81  0  0
 2  0 317920  63600  25660 384444    0    0     0     0 1612  566  3 13 84  0  0
 0  0 317920  63600  25660 384444    0    0     0     0 2106  635  6 16 79  0  0
 4  0 317920  63600  25660 384452    0    0     0     0 2725  593  6 17 77  0  0
 0  0 317920  63600  25668 384444    0    0     0    12 1773  613  3 13 83  0  0
 1  0 317920  63600  25668 384460    0    0     0     0 2053  612  2 16 82  0  0
 3  0 317920  63600  25668 384460    0    0     0     0 2721  677  2 19 78  0  0
 0  0 317920  63600  25668 384472    0    0     0     0 2458  643  4 23 72  0  0
 1  0 317920  63600  25668 384476    0    0     0     0 2358  597  2 22 76  0  0
 0  0 317920  63600  25676 384472    0    0     0    12 2434  624  1 19 80  0  0
 0  0 317920  63600  25676 384484    0    0     0     0 2133  582  3 16 81  0  0
 0  0 317920  63600  25676 384488    0    0     0     0 2963  607  2 20 77  0  0
 0  0 317920  63600  25676 384496    0    0     0     0 3294  657  6 26 69  0  0
 0  0 317920  63600  25676 384496    0    0     0     0 2023  585  1 13 86  0  0
 1  0 317920  63600  25704 384508    0    0    20    48 2437  610  1 20 79  0  0
 0  0 317920  63600  25704 384508    0    0     0     0 2555  689  3 25 72  0  0
 3  0 317920  63600  25704 384516    0    0     0     0 2103  568  2 19 79  0  0
 0  0 317920  63600  25704 384516    0    0     0     0 2888  632  3 23 73  0  0
 0  0 317920  63600  25704 384524    0    0     0     0 2438  614  2 16 82  0  0
 0  0 317920  63600  25712 384528    0    0     0    52 2629  622  1 22 76  0  0
 0  0 317920  63600  25712 384528    0    0     0     0 1978  611  4 16 80  0  0
 0  0 317920  63600  25712 384536    0    0     0     0 2552  657  2 18 80  0  0
 0  0 317920  63600  25712 384540    0    0     0   136 2145  554  2 16 82  0  0
 0  0 317920  63600  25712 384548    0    0     0     0 2475  638  5 18 77  0  0
 0  0 317920  63600  25720 384540    0    0     0    20 2534  710  3 21 76  0  0
 0  0 317920  63600  25720 384556    0    0     0     0 1872  575  1 17 82  0  0
 0  0 317920  63600  25720 384556    0    0     0     0 2014  643  2 17 81  0  0
 0  0 317920  63600  25720 384564    0    0     0    48 2764  638  2 20 78  0  0
 0  0 317920  63600  25720 384564    0    0     0     0 2238  646  2 17 81  0  0
 1  0 317920  63600  25728 384576    0    0     0    12 2425  658  3 20 76  1  0
 0  0 317920  63600  25728 384576    0    0     0     0 2737  669  3 23 73  0  0
 0  0 317920  63600  25728 384584    0    0     0     0 2073  542  3 19 78  0  0
 1  0 317920  63600  25728 384584    0    0     0     0 2586  717  3 23 74  0  0
 1  0 317920  63600  25728 384592    0    0     0     0 3031  624  1 19 80  0  0
 0  0 317920  63600  25736 384588    0    0     0    12 1901  602  1 12 87  0  0
 0  0 317920  63600  25736 384600    0    0     0     0 2322  673  1 16 83  0  0
 0  0 317920  63600  25736 384604    0    0     0     0 2103  642  1 17 82  0  0
 0  0 317920  63600  25736 384612    0    0     0     0 1981  576  2 12 86  0  0
 0  0 317920  63600  25736 384612    0    0     0     0 2113  567  2 16 82  0  0
 1  0 317920  63600  25744 384620    0    0     0    12 1914  614  0 17 83  0  0
 0  0 317920  63600  25744 384620    0    0     0     0 2103  572  2 20 77  0  0
 0  0 317920  63600  25744 384628    0    0     0     0 2488  610  3 20 77  0  0
 0  0 317920  63600  25744 384628    0    0     0     0 3232  717  8 23 70  0  0
 0  0 317920  63600  25744 384636    0    0     0     0 2097  610  2 16 82  0  0
 1  0 317920  63600  25752 384628    0    0     0    12 1999  608  3 16 80  0  0
 0  0 317920  63600  25752 384644    0    0     0     0 2554  637  1 17 82  0  0
 0  0 317920  63600  25752 384648    0    0     0     0 1745  589  2 12 86  0  0
 0  0 317920  63600  25752 384652    0    0     0     0 1647  619  3 16 81  0  0
 2  0 317920  63600  25752 384656    0    0     0     0 3381  782  4 22 75  0  0
 0  0 317920  63600  25760 384664    0    0     0    12 1985  602  2 16 82  0  0
 0  0 317920  63600  25760 384664    0    0     0     0 2458  693  6 19 75  0  0
 1  0 317920  63600  25760 384672    0    0     0     0 2405  654  1 15 83  0  0
 2  0 317920  63600  25768 384664    0    0     0    40 2431  553  5 19 77  0  0
 0  0 317920  63600  25768 384684    0    0     0   136 2342  632  2 18 79  0  0
 0  0 317920  63600  25784 384668    0    0     0   108 2306 1019  9 20 69  1  0
 0  0 317920  63600  25784 384704    0    0     0     0 3015 1081  6 24 71  0  0
 0  0 317920  63600  25784 384704    0    0     0     0 2198  608  3 15 82  0  0
 0  0 317920  63600  25784 384712    0    0     0     0 2264  651  3 18 79  0  0
 4  0 317920  63600  25784 384716    0    0     0     0 2291  598  3 20 77  0  0
 0  0 317920  63600  25792 384720    0    0     0    24 2087  611  4 16 79  0  0
 0  0 317920  63600  25792 384724    0    0     0     0 2533  616  3 23 74  0  0
 4  0 317920  63600  25792 384732    0    0     0     0 2017  570  5 19 76  0  0
 3  0 317920  63600  25792 384732    0    0     0     0 2288  623  3 19 78  0  0
 0  0 317920  63600  25792 384740    0    0     0     0 2388  607  3 17 79  0  0
 0  0 317920  63600  25800 384732    0    0     0    12 2216  674  3 20 77  0  0
 0  0 317920  63600  25800 384748    0    0     0     0 2567  721  3 22 75  0  0
 1  0 317920  63600  25800 384748    0    0     0     0 2645  649  1 20 79  0  0
 0  0 317920  63600  25800 384756    0    0     0     0 2264  587  2 18 80  0  0
 1  0 317920  63600  25800 384756    0    0     0     0 2778  698  1 22 77  0  0
 0  0 317920  63600  25808 384764    0    0     0    24 2567  694  4 20 76  0  0
 0  0 317920  63600  25808 384768    0    0     0     0 2397  593  5 18 77  0  0
 1  0 317920  63600  25808 384772    0    0     0     0 1658  535  1 15 84  0  0
 0  0 317920  63600  25808 384776    0    0     0     0 2989  605  3 24 72  0  0
 0  0 317920  63600  25808 384784    0    0     0     0 1996  570  3 13 83  0  0
 0  0 317920  63600  25816 384776    0    0     0    12 1641  579  1  9 90  0  0
 2  0 317920  63600  25816 384792    0    0     0     0 2732  600  5 27 68  0  0
 0  0 317920  63600  25816 384792    0    0     0     0 2080  663  3 15 81  0  0
 0  0 317920  63600  25816 384800    0    0     0     0 2769  641  4 21 75  0  0
 0  0 317920  63600  25816 384800    0    0     0     0 2273  685  2 17 81  0  0
 0  0 317920  63600  25824 384808    0    0     0    12 2745  615  5 18 76  1  0
 1  0 317408  63376  25920 386332  932    0  2520     0 2702 1243  4 25 66  4  0
 0  0 317408  63376  25920 386344    0    0     0     0 2669  686  4 16 80  0  0
 0  0 317408  63376  25920 386348    0    0     0     0 2180  644  4 18 78  0  0
 0  0 317408  63376  25920 386352    0    0     0   188 2728  641  3 22 74  0  0
 0  0 317408  63376  25928 386360    0    0     0    20 2602  648  4 17 79  0  0
 0  0 317408  63376  25928 386360    0    0     0     0 1664  583  2 20 78  0  0
 0  0 317408  63376  25928 386368    0    0     0     0 1375  579  1 11 88  0  0
 0  0 317408  63376  25928 386368    0    0     0     0 2337  648  5 22 73  0  0
 0  0 317408  63376  25928 386376    0    0     0   676 2515  704  3 17 80  0  0
 0  0 317408  63376  25936 386368    0    0     0    36 2204  629  2 13 85  0  0
 0  0 317408  63376  25936 386384    0    0     0     0 2422  723  2 19 79  0  0
 0  0 317408  63376  25936 386384    0    0     0     0 2353  626  2 16 82  0  0
 0  0 317408  63376  25936 386392    0    0     0     0 2510  693  6 18 76  0  0
 1  0 317408  63376  25936 386392    0    0     0     0 2465  655  1 18 81  0  0
 0  0 317408  63376  25944 386400    0    0     0    12 2340  563  3 16 79  1  0
 0  0 317408  63376  25944 386404    0    0     0     0 2186  608  1 18 80  0  0
 1  0 317408  63376  25944 386408    0    0     0     0 2196  609  2 17 81  0  0
 0  0 317408  63376  25944 386416    0    0     0     0 2301  541  3 13 84  0  0
 0  0 317408  63376  25944 386420    0    0     0     0 2583  669  5 24 70  0  0
 1  0 317408  63376  25952 386412    0    0     0    12 2241  667  2 20 77  0  0
 0  0 317408  63376  25952 386428    0    0     0     0 2257  622  3 18 79  0  0
 0  0 317408  63376  25952 386428    0    0     0     0 2061  637  3 16 80  0  0
 0  0 317408  63376  25952 386436    0    0     0     0 2655  718  8 19 73  0  0
 2  0 317408  63376  25952 386436    0    0     0     0 1698  541  3 13 84  0  0
 0  0 317408  63376  25960 386448    0    0     0    12 1773  546  2 13 84  0  0
 0  0 317408  63376  25960 386448    0    0     0     0 2655  657  2 21 77  0  0
 2  0 317408  63376  25960 386456    0    0     0     0 1981  622  2 17 81  0  0
 0  0 317408  63376  25960 386460    0    0     0     0 2150  533  2 15 83  0  0
 0  0 317408  63376  25960 386464    0    0     0     0 2489  604  2 23 75  0  0
 1  1 317408  63376  25968 386460    0    0     0   160 2027  570  3 17 80  0  0
 0  0 317408  63376  25968 386472    0    0     0     0 2674  597  3 14 83  0  0
 1  0 317408  63376  25968 386480    0    0     0     0 2579  662  2 23 74  0  0
 0  0 317408  63376  25968 386480    0    0     0     0 2433  556  2 17 80  0  0
 0  0 317408  63376  25968 386488    0    0     0     0 2369  545  4 14 82  0  0
 0  0 317408  63376  25968 386488    0    0     0     0 2039  619  2 18 80  0  0
 3  0 317408  63376  25976 386496    0    0     0    12 2164  562  3 15 82  0  0
 0  0 317408  63376  25976 386496    0    0     0     0 1945  602  2 12 86  0  0
 0  0 317408  63376  25976 386504    0    0     0     0 2748  701  3 23 73  0  0
 0  0 317408  63376  25976 386508    0    0     0     0 2200  621  2 20 77  0  0
 0  0 317408  63376  25976 386508    0    0     0     0 2173  635  3 18 79  0  0
 0  0 317408  63376  25984 386520    0    0     0    12 2775  692  4 25 71  0  0
 1  0 317408  63376  25984 386520    0    0     0     0 1875  543  2 16 82  0  0
 0  0 317408  63376  25984 386528    0    0     0     0 2036  666  3 16 80  0  0
 0  0 317408  63376  25984 386528    0    0     0     0 2142  693  4 19 77  0  0
 0  0 317408  63376  25984 386536    0    0     0    68 2473  579  3 12 85  0  0
 1  0 317408  63376  25992 386536    0    0     0    20 2353  656  1 16 83  0  0
 1  0 317408  63376  25992 386544    0    0     0     0 2900  702  2 22 76  0  0
 0  0 317408  63376  25992 386544    0    0     0     0 1952  679  2 14 84  0  0
 0  0 317408  63376  25992 386552    0    0     0     0 2576  934  3 18 78  0  0
 0  0 317408  63376  25992 386536    0    0     0     0  298  445  3  2 95  0  0
 0  0 317408  63376  26000 386528    0    0     0    12  157  352  2  1 97  0  0
 0  0 317408  63376  26000 386540   16    0    16     0  129  352  1  0 98  1  0

