 r  b   swpd   free   buff  cache   si   so    bi    bo   in   cs us sy id wa st
 0  0 417172  67544  24408 405852   51  140   913   545 1707  804  9 18 73  1  0
 0  0 417172  67544  24408 405852    0    0     0     0  184  295  1  0 99  0  0
 0  0 417172  67544  24408 405852    0    0     0   800 2277  650  2 15 83  0  0
 2  0 417172  67544  24408 405860    0    0     0     0 3833  722  2 26 71  0  0
 1  0 417172  67544  24420 405852    0    0     0    48 4580  934  3 34 63  0  0
 0  0 417172  67544  24420 405884    0    0     0     0 5704 1015  5 43 52  0  0
 0  0 417172  67544  24420 405888    0    0     0     0 6354 1101  4 44 52  0  0
 2  0 417172  67544  24420 405908    0    0     0     0 5579 1046  3 44 53  0  0
 0  0 417172  67544  24420 405924    0    0     0     0 6304 1163  4 50 46  0  0
 0  0 417172  67544  24428 405916    0    0     0    12 5483 1100  4 46 51  0  0
 2  0 417172  67544  24428 405944    0    0     0     0 5382 1098  4 44 52  0  0
 2  0 417172  67544  24428 405956    0    0     0     0 5346 1096 10 53 36  0  0
 3  0 417172  67544  24428 405968    0    0     0     0 5765 1013  8 56 36  0  0
 1  0 417172  67544  24428 405972    0    0     0     0 5952 1096  6 68 26  0  0
 0  0 417172  67544  24436 405996    0    0     0    24 5535  909  6 50 44  0  0
 1  0 417172  67544  24436 405996    0    0     0     0 4549  972  7 66 27  0  0
 0  0 417172  67544  24436 406020    0    0     0     0 4531 1038  5 73 22  0  0
 3  0 417172  67544  24436 406032    0    0     0     0 5392 1122 10 66 24  0  0
 0  0 417172  67544  24436 406032    0    0     0     0 4763 1010  5 58 37  0  0
 1  0 417172  67544  24444 406048    0    0     0    12 4082 1008  6 64 28  1  0
 6  0 417172  67544  24444 406060    0    0     0     0 4436 1082  8 53 40  0  0
 2  0 417172  67544  24444 406060    0    0     0     0 3982 1063 10 67 23  0  0
 4  0 417172  67544  24444 406080    0    0     0   408 4138 1018  5 58 37  0  0
 1  0 417172  67544  24444 406092    0    0     0     0 4259 1014  6 60 33  0  0
 2  0 417172  67544  24452 406100    0    0     0    32 3974 1041  8 53 39  0  0
 1  0 417172  67544  24452 406100    0    0     0     0 3971  995 11 53 36  0  0
 3  0 417172  67544  24452 406120    0    0     0     0 3722  962  8 57 35  0  0
 1  0 417172  67544  24452 406120    0    0     0     0 4002 1112  7 49 43  0  0
 1  0 417172  67544  24452 406136    0    0     0     0 3596  955  6 56 38  0  0
 0  0 417172  67544  24460 406132    0    0     0    12 3555 1016  7 55 38  0  0
 5  0 417172  67544  24460 406156    0    0     0     0 3390 1063 13 56 31  0  0
 1  0 417172  67544  24460 406168    0    0     0     0 3185  877  6 60 34  0  0
 3  0 417172  67544  24460 406172    0    0     0     0 2979  896 10 56 33  0  0
 1  0 417172  67544  24460 406180    0    0     0     0 2647  808  5 73 22  0  0
 0  0 417172  67096  24468 406188    0    0     0    12 2806  755 11 60 29  0  0
 2  0 417172  67096  24468 406188    0    0     0     0 3575  958 12 55 33  0  0
 1  0 417172  67096  24468 406208    0    0     0     0 2410  828  9 73 19  0  0
 1  0 417172  67096  24468 406216    0    0     0     0 2871  849 11 62 27  0  0
 1  0 417172  67096  24468 406224    0    0     0     0 3000  878  8 60 32  0  0
 1  0 417172  67096  24476 406232    0    0     0    12 2771  914  8 65 26  0  0
 0  0 417172  66872  24476 406240    0    0     0     0 3384  948 11 53 36  0  0
 2  0 417172  66872  24476 406248    0    0     0     0 2966  877 10 57 33  0  0
 5  0 417172  66872  24476 406248    0    0     0     0 3036  927 12 53 35  0  0
 5  0 417172  66872  24476 406260    0    0     0     0 3088  789 10 48 42  0  0
 8  0 417172  66872  24484 406268    0    0     0    12 2903  918  7 54 39  0  0
12  0 417172  66872  24484 406276    0    0     0     0 2548  795  6 66 29  0  0
 2  0 417172  66872  24484 406284    0    0     0     0 2521  860  9 69 22  0  0
 1  0 417172  66872  24484 406292    0    0     0     0 2773  887  8 66 26  0  0
 2  0 417172  66872  24484 406300    0    0     0     0 3041  881  5 58 37  0  0
 0  0 417172  66872  24492 406308    0    0     0    12 3279  953  8 58 34  0  0
 1  0 417172  66872  24492 406316    0    0     0     0 3357  877  8 52 40  0  0
 1  0 417172  66872  24492 406324    0    0     0     0 3400 1117  9 56 35  0  0
 0  0 417172  66648  24492 406332    0    0     0     0 3045  993 12 58 30  0  0
 1  0 417172  66200  24492 406340    0    0     0   260 3067  880  7 58 35  0  0
 1  0 417172  66200  24500 406348    0    0     0    24 2661  784 10 58 32  0  0
 2  0 417172  66200  24500 406348    0    0     0     0 2993  911  6 63 31  0  0
 1  0 417172  66200  24500 406364    0    0     0     0 3419 1009  9 61 30  0  0
 1  0 417172  66200  24500 406372    0    0     0     0 2571  904  7 68 25  0  0
 0  0 417172  66200  24500 406380    0    0     0    20 2894  853  8 62 30  0  0
 1  0 417172  66200  24508 406388    0    0     0    12 3198  993  8 59 33  0  0
 0  0 417172  66200  24508 406392    0    0     0     0 3012  999  9 54 36  0  0
 0  0 417172  66200  24508 406404    0    0     0     0 3244 1006 10 62 27  0  0
 0  0 417172  66200  24508 406404    0    0     0     0 3694 1051  9 46 45  0  0
 1  0 417172  66200  24508 406420    0    0     0     0 3112 1035 14 54 32  0  0
 3  0 417172  66200  24516 406428    0    0     0    16 2383  808  9 72 20  0  0
 2  0 417172  66200  24516 406436    0    0     0     0 2981  911  7 64 29  0  0
 7  0 417172  66200  24516 406444    0    0     0     0 2693  800  6 60 34  0  0
 2  0 417172  66200  24516 406448    0    0     0     0 2861  863  6 63 30  0  0
 0  0 417172  66200  24516 406460    0    0     0     0 2623  950  9 67 24  0  0
 1  0 417172  66200  24524 406452    0    0     0    12 3380 1056 10 51 37  1  0
 1  0 417172  66200  24524 406476    0    0     0     0 3010 1009  8 56 36  0  0
 0  0 417172  66200  24524 406480    0    0     0     0 2076  782 16 64 20  0  0
 0  0 417172  66200  24524 406488    0    0     0     0 3010  993 10 55 36  0  0
 1  0 417172  66200  24524 406496    0    0     0     0 2647  884 13 61 27  0  0
 1  0 417172  66200  24532 406488    0    0     0    12 3113 1053 11 56 33  0  0
 0  0 417172  66200  24532 406516    0    0     0     0 2952 1066  9 62 30  0  0
 0  0 417172  66200  24532 406524    0    0     0     0 2548  940  8 66 27  0  0
 1  0 417172  66200  24532 406528    0    0     0     0 2888  972 11 56 33  0  0
 1  0 417172  66200  24532 406536    0    0     0     0 3324 1021  4 49 47  0  0
 2  0 417172  66200  24540 406548    0    0     0    12 3017 1049  9 58 32  0  0
 2  0 417172  66200  24540 406552    0    0     0     0 2715  965 13 61 26  0  0
 0  0 417172  66200  24540 406560    0    0     0     0 2739  949 12 56 32  0  0
 1  0 417172  66200  24540 406568    0    0     0     0 3017 1043  8 57 35  0  0
 6  0 417172  66200  24540 406576    0    0     0     0 2233  884  9 71 19  0  0
 3  0 417172  66200  24548 406588    0    0     0   268 3390 1194  8 56 36  0  0
 0  0 417172  66200  24548 406596    0    0     0     0 2937 1126 12 58 30  0  0
 7  0 417172  66200  24548 406600    0    0     0     0 2159  805  7 68 25  0  0
 0  0 417172  66200  24548 406608    0    0     0     0 2884 1030  9 57 33  0  0
 2  0 417172  66200  24548 406620    0    0     0     0 2748 1046  7 64 29  0  0
11  0 417172  66200  24556 406628    0    0     0    12 1721  752  8 74 18  0  0
 2  0 417172  66200  24556 406636    0    0     0     0 2875  985 10 55 34  0  0
 1  0 417172  66200  24556 406644    0    0     0     0 2881  963 13 58 29  0  0
 2  0 417172  66200  24556 406648    0    0     0     0 3194 1022  9 50 41  0  0
 1  0 417172  66200  24556 406660    0    0     0     0 2912 1018 11 61 29  0  0
 1  0 417172  66200  24564 406668    0    0     0    12 3409 1201 15 49 36  0  0
 1  0 417172  66200  24564 406676    0    0     0     0 2257  804  7 74 20  0  0
 4  0 417172  66200  24564 406684    0    0     0     0 2522  994 11 64 25  0  0
 3  0 417172  66200  24564 406692    0    0     0     0 3033 1011 12 56 32  0  0
 1  0 417172  66200  24564 406696    0    0     0     0 2350  804  8 68 24  0  0
 0  0 417172  66200  24572 406704    0    0     0    28 2980 1084  8 57 35  0  0
 1  0 417172  66200  24572 406712    0    0     0     0 2991 1090  8 58 35  0  0
 2  0 417172  66200  24572 406720    0    0     0     0 3165 1112  8 56 35  0  0
 2  0 417172  66200  24572 406724    0    0     0     0 2771  993  7 63 31  0  0
 1  0 417172  66200  24572 406736    0    0     0     0 2382  936  8 70 23  0  0
 1  0 417172  66200  24580 406740    0    0     0    12 2217  792  9 71 19  0  0
 9  0 417172  66200  24580 406748    0    0     0     0 2566  864 12 63 25  0  0
 3  0 417172  66200  24580 406756    0    0     0     0 3059 1063  8 51 41  0  0
 1  0 417172  66200  24580 406764    0    0     0     0 2801 1138 13 56 31  0  0
 2  0 417172  66200  24580 406772    0    0     0     0 2848  960  9 61 29  0  0
 3  0 417172  66200  24588 406780    0    0     0   228 2792  999  8 60 32  0  0
 4  0 417172  66200  24588 406784    0    0     0     0 2837 1041 12 56 32  0  0
 2  0 417172  66200  24588 406792    0    0     0     0 3186  986  6 57 37  0  0
 1  0 417172  66200  24588 406800    0    0     0     0 3251 1117  8 54 38  0  0
 2  0 417172  66200  24588 406808    0    0     0     0 2938 1029 11 58 31  0  0
 0  0 417172  66200  24596 406816    0    0     0    12 3063 1146  9 55 35  0  0
 1  0 417172  66200  24596 406824    0    0     0     0 3228 1177  8 58 34  0  0
 1  0 417172  66200  24596 406832    0    0     0     0 1946  798 11 76 13  0  0
 0  0 417172  66200  24596 406840    0    0     0     0 2939  916  6 58 35  0  0
 1  0 417172  66200  24596 406844    0    0     0     0 2959 1012 12 52 36  0  0
 3  0 417172  66200  24604 406852    0    0     0    12 2100  868 10 66 25  0  0
 0  0 417172  66200  24604 406860    0    0     0     0 2556  915  9 62 28  0  0
 1  0 417172  66200  24604 406868    0    0     0     0 3035  988  8 56 36  0  0
12  0 417172  66200  24604 406876    0    0     0     0 2947  932 11 62 27  0  0
 1  0 417172  66200  24604 406880    0    0     0     0 3088 1029 10 58 33  0  0
 2  0 417172  66200  24612 406888    0    0     0    12 2962  958 10 57 32  0  0
 0  0 417172  66200  24612 406892    0    0     0     0 3420  944  9 49 42  0  0
 0  0 417172  66200  24612 406900    0    0     0     0 2503  855  9 64 28  0  0
 1  0 417172  66200  24612 406908    0    0     0     0 2537  978 10 63 27  0  0
 2  0 417172  66200  24612 406916    0    0     0     0 1999  794  8 68 24  0  0
 1  0 417172  66200  24620 406924    0    0     0    12 2754  996 10 63 27  0  0
11  0 417172  66200  24620 406932    0    0     0     0 1774  777 11 78 11  0  0
 2  0 417172  66200  24620 406940    0    0     0     0 2068  811  9 69 22  0  0
 1  0 417172  66200  24620 406948    0    0     0     0 2592 1031 10 58 31  0  0
 1  0 417172  66200  24620 406952    0    0     0     0 3436 1097 15 49 36  0  0
 3  0 417172  66200  24628 406960    0    0     0    12 2578  848  9 70 22  0  0
 4  0 417172  66200  24628 406964    0    0     0     0 2643  964  9 63 29  0  0
 2  0 417172  66200  24628 406972    0    0     0     0 2349  878 13 61 25  0  0
 7  0 417172  66200  24628 406976    0    0     0     0 3013  977  9 57 34  0  0
 1  0 417172  66200  24628 406984    0    0     0     0 1494  611 13 76 10  0  0
 2  0 417172  66200  24636 406980    0    0     0    12 2881  912  6 57 37  0  0
 1  0 417172  66200  24636 406992    0    0     0   216 2612  831 13 61 26  0  0
 4  0 417172  66200  24636 406996    0    0     0     0 2358  851 10 66 25  0  0
 6  0 417172  66200  24636 407004    0    0     0     0 2221  816 11 69 19  0  0
 5  0 417172  66200  24636 407012    0    0     0     0 2862 1009 10 54 37  0  0
 2  0 417172  66200  24644 407020    0    0     0    24 2988  982 12 49 38  0  0
 3  0 417172  66200  24644 407024    0    0     0     0 3125  988 10 48 42  0  0
 5  0 417172  66200  24644 407032    0    0     0     0 3084 1053  9 53 39  0  0
 1  0 417172  66200  24644 407040    0    0     0     0 2290  770  8 63 29  0  0
10  1 417172  66200  24644 407048    0    0     0     0 2352  677  4 62 34  0  0
 2  0 417172  66200  24652 407056    0    0     0    12 2691  989 14 54 32  0  0
 3  0 417172  66200  24652 407064    0    0     0     0 1906  757 13 68 20  0  0
 2  0 417172  66200  24652 407068    0    0     0     0 2108  753  9 68 24  0  0
 3  0 417172  66200  24652 407076    0    0     0     0 2041  775 11 61 28  0  0
 4  0 417172  66200  24652 407080    0    0     0     0 2595  884 10 60 31  0  0
 2  0 417172  66200  24660 407092    0    0     0    12 2184  737  6 73 21  0  0
 2  0 417172  66200  24660 407096    0    0     0     0 2760  943  8 61 31  0  0
 2  0 417172  66200  24660 407100    0    0     0     0 2274  873  8 64 28  0  0
 2  0 417172  66200  24660 407112    0    0     0     0 2398  919 13 64 23  0  0
 1  0 417172  66200  24660 407120    0    0     0     0 2802  970  8 63 29  0  0
 1  0 417172  66200  24668 407120    0    0     0    12 2222  844  9 63 28  0  0
 3  0 417172  66200  24668 407136    0    0     0     0 2348  851  9 60 31  0  0
 3  0 417172  66200  24668 407140    0    0     0     0 2561  897  8 61 31  0  0
 1  0 417172  66200  24668 407148    0    0     0     0 2237  779  4 65 30  0  0
 2  0 417172  66200  24668 407152    0    0     0     0 2773  871  7 53 40  0  0
 3  0 417172  66200  24676 407160    0    0     0    12 2768  945 10 56 34  0  0
 5  0 417172  66200  24676 407164    0    0     0     0 1740  694 10 71 19  0  0
 0  0 417172  66200  24676 407172    0    0     0     0 2475  879  8 63 29  0  0
 1  0 417172  66200  24676 407180    0    0     0     0 2359  810  8 64 28  0  0
 1  0 417172  66200  24676 407184    0    0     0     0 3118  997 11 51 38  0  0
 2  0 417172  66200  24684 407184    0    0     0    12 2565  963  9 66 23  1  0
 2  0 417172  66200  24684 407200    0    0     0   216 2816  972 10 56 34  0  0
15  0 417172  66200  24684 407208    0    0     0     0 2267  831 10 67 24  0  0
 2  0 417172  66200  24684 407212    0    0     0     0 2902  984 10 55 36  0  0
 3  0 417172  66200  24684 407220    0    0     0     0 2647  952 13 51 36  0  0
12  1 417172  66200  24688 407220    0    0     0     4 2350  851 10 62 28  0  0
 2  0 417172  66200  24692 407236    0    0     0    32 3016 1138  9 53 38  0  0
 2  0 417172  66200  24692 407240    0    0     0     0 3020 1047 12 55 32  0  0
 3  0 417172  66200  24692 407252    0    0     0     0 3056 1003  8 56 36  0  0
 2  0 417172  66200  24692 407256    0    0     0     0 2515  924 12 55 33  0  0
 5  0 417172  66200  24700 407264    0    0     0    12 2734  911  8 54 37  1  0
 1  0 417172  66200  24700 407268    0    0     0     0 1975  795 11 62 27  0  0
 6  0 417172  66200  24700 407272    0    0     0     0 1860  713 14 67 19  0  0
 1  0 417172  66200  24700 407280    0    0     0     0 1511  649 13 74 13  0  0
 1  0 417172  66200  24700 407288    0    0     0     0 3207 1027 12 53 36  0  0
 9  0 417172  66200  24708 407284    0    0     0    12 1187  528 14 72 14  0  0
 6  0 417172  66200  24708 407296    0    0     0     0 3014 1024 10 50 40  0  0
 0  0 417172  66200  24708 407308    0    0     0     0 2578  839 12 63 25  0  0
 1  0 417172  66200  24708 407308    0    0     0     0 2610  900  9 63 28  0  0
 3  0 417172  66200  24708 407320    0    0     0     0 1824  648  9 65 26  0  0
 2  0 417172  66200  24716 407316    0    0     0    12 2290  739  8 63 28  0  0
 2  0 417172  66200  24716 407332    0    0     0     0 1831  722 21 64 15  0  0
 3  0 417172  66200  24716 407336    0    0     0     0 2675  948 11 57 32  0  0
 2  0 417172  66200  24716 407344    0    0     0     0 2415  848  8 61 31  0  0
11  0 417172  66200  24716 407348    0    0     0     0 2945  958 10 49 41  0  0
 6  0 417172  66200  24724 407352    0    0     0    12 2279  847  9 57 34  0  0
 3  0 417172  66200  24724 407368    0    0     0     0 2249  830  5 68 27  0  0
 5  0 417172  66200  24724 407368    0    0     0     0 2392  854  9 59 32  0  0
 3  0 417172  66200  24724 407380    0    0     0     0 2353  832  6 63 31  0  0
 3  0 417172  66200  24724 407388    0    0     0     0 3144 1111  8 48 44  0  0
 6  0 417172  66200  24732 407384    0    0     0    12 2500  996 11 60 29  0  0
 2  0 417172  66200  24732 407400    0    0     0     0 2484  903 11 59 30  0  0
 1  0 417172  66200  24732 407408    0    0     0   204 2125  779 10 66 24  0  0
 1  0 417172  66200  24732 407416    0    0     0     0 2101  834 11 68 21  0  0
 0  0 417172  66200  24732 407424    0    0     0     0 2779  962 10 58 33  0  0
 1  0 417172  66200  24740 407428    0    0     0    24 2816 1010 10 55 35  0  0
 4  0 417172  66200  24740 407432    0    0     0     0 3134 1020  6 56 38  0  0
 2  0 417172  66200  24740 407444    0    0     0     0 2130  798  8 68 24  0  0
 2  0 417172  66200  24740 407448    0    0     0     0 2666  890  7 57 36  0  0
 2  0 417172  66200  24740 407452    0    0     0     0 2463  805  9 59 32  0  0
 2  0 417172  66200  24748 407476    0    0     0    12 2703 1012 12 55 33  0  0
 1  0 417172  66200  24748 407484    0    0     0     0 2559  819  8 60 32  0  0
 0  0 417172  66200  24748 407488    0    0     0     0 2230  829 14 59 27  0  0
 1  0 417172  66200  24748 407492    0    0     0     0 2159  807  8 68 24  0  0
 2  0 417172  66200  24748 407508    0    0     0     0 2797  944  8 57 35  0  0
 2  0 417172  66200  24756 407512    0    0     0    12 2467  745  6 59 35  0  0
 2  0 417172  66200  24756 407512    0    0     0     0 2514  821 11 55 35  0  0
 5  0 417172  66200  24756 407524    0    0     0     0 2496  816  8 64 27  0  0
 1  0 417172  66200  24756 407532    0    0     0     0 2705  884 11 52 37  0  0
 4  0 417172  66200  24756 407532    0    0     0     0 2947 1043  9 52 39  0  0
 1  0 417172  66200  24764 407544    0    0     0    12 2414  888 12 60 29  0  0
 1  0 417172  66200  24764 407544    0    0     0     0 2801  935 13 54 32  0  0
 1  0 417172  66200  24764 407560    0    0     0     0 1948  721  8 69 23  0  0
 8  0 417172  66200  24764 407564    0    0     0     0 3059  956 11 59 31  0  0
 9  0 417172  66200  24764 407572    0    0     0     0 1764  679  7 79 14  0  0
 1  0 417172  66200  24772 407576    0    0     0    12 1729  644 10 75 15  0  0
 1  0 417172  66200  24772 407584    0    0     0     0 2979  914  9 55 36  0  0
 1  0 417172  66200  24772 407592    0    0     0     0 2472  915  9 64 26  0  0
 1  0 417172  66200  24772 407600    0    0     0     0 2779  923  9 52 39  0  0
 1  0 417172  66200  24772 407608    0    0     0     0 2715  974 10 62 29  0  0
 2  0 417172  66200  24780 407616    0    0     0    12 3047 1029 12 50 38  0  0
 1  0 417172  66200  24780 407620    0    0     0     0 2163  804  9 67 24  0  0
 1  0 417172  66200  24780 407628    0    0     0   216 2351  792  9 60 31  0  0
 0  0 417172  66200  24780 407632    0    0     0     0 2803  955  8 58 34  0  0
 1  0 417172  66200  24780 407640    0    0     0     0 2158  720 10 67 22  0  0
 7  0 417172  66200  24788 407636    0    0     0    24 1912  682 14 65 21  0  0
 2  0 417172  66200  24788 407648    0    0     0     0 2932  964  9 56 35  0  0
 2  0 417172  66200  24788 407660    0    0     0    12 1732  624  6 75 19  0  0
 4  0 417172  66200  24788 407660    0    0     0     0 3103  929  7 47 46  0  0
 4  0 417172  66200  24788 407668    0    0     0     0 1205  534  8 86  5  0  0
13  1 417172  66200  24796 407664    0    0     0    12 2329  803 14 57 29  0  0
 1  0 417172  66200  24796 407680    0    0     0     0 2951  865  8 61 31  0  0
 5  0 417172  66200  24796 407688    0    0     0     0 1618  748 12 76 12  0  0
 1  0 417172  66200  24796 407696    0    0     0     0 2876 1006  9 53 39  0  0
 5  0 417172  66200  24796 407704    0    0     0     0 2369  885  7 70 23  0  0
 1  0 417172  66200  24804 407708    0    0     0    12 1994  729 12 71 16  0  0
 2  0 417172  66200  24804 407716    0    0     0     0 2422  857 12 60 28  0  0
 3  0 417172  66200  24804 407724    0    0     0     0 1979  694  8 67 25  0  0
 0  0 417172  66200  24804 407732    0    0     0     0 1471  616  6 76 18  0  0
 1  0 417172  66200  24804 407740    0    0     0     0 2241  846 10 63 27  0  0
 2  0 417172  66200  24812 407744    0    0     0    12 1817  711  8 77 15  0  0
13  0 417172  66200  24812 407748    0    0     0     0 1778  768 19 62 19  0  0
 4  0 417172  66200  24812 407756    0    0     0     0 2553  837 11 57 32  0  0
 2  0 417172  66200  24812 407764    0    0     0     0 2282  847  9 62 28  0  0
 1  0 417172  66200  24812 407764    0    0     0     0 2438  835  9 59 32  0  0
 1  0 417172  66200  24820 407776    0    0     0    12 2426  809 10 58 31  0  0
 1  0 417172  66200  24820 407784    0    0     0     0 1995  789 10 67 24  0  0
14  0 417172  66200  24820 407788    0    0     0     0 2343  934 10 63 27  0  0
 2  1 417172  66200  24820 407800    0    0     0     0 3021 1096 10 53 37  0  0
 5  0 417172  66200  24820 407804    0    0     0     0 2189  818 11 67 23  0  0
 1  0 417172  66200  24828 407812    0    0     0    12 1983  704  7 67 24  1  0
 1  0 417172  66200  24828 407816    0    0     0     0 2729  893 10 56 34  0  0
 2  0 417172  66200  24828 407824    0    0     0     0 2578  917 11 58 32  0  0
 0  0 417172  66200  24828 407824    0    0     0   204 2589  976 12 57 31  0  0
 1  0 417172  66200  24828 407840    0    0     0     0 2862  950  8 55 37  0  0
 0  0 417172  66200  24836 407832    0    0     0    24 1347  666  7 87  7  0  0
 1  0 417172  66200  24836 407852    0    0     0     0 2183  730  7 61 32  0  0
 1  0 417172  66200  24836 407860    0    0     0     0 2562  880 11 55 35  0  0
 5  0 417172  66200  24836 407868    0    0     0     0 2840 1040  8 61 31  0  0
 1  0 417172  66200  24836 407876    0    0     0     0 2378  875  9 69 23  0  0
 0  0 417172  66200  24844 407884    0    0     0    12 2948  943 10 58 31  0  0
 1  0 417172  66200  24844 407884    0    0     0     0 2731  944 11 62 27  0  0
 1  0 417172  66200  24844 407896    0    0     0     0 2739  963 14 57 29  0  0
 1  0 417172  66200  24844 407896    0    0     0     0 2899  984  6 62 32  0  0
 2  0 417172  66200  24844 407908    0    0     0     0 2770  859 10 56 35  0  0
 1  0 417172  66200  24852 407900    0    0     0    12 2485  797  6 68 27  0  0
 2  0 417172  66200  24852 407920    0    0     0     0 2295  774  8 71 21  0  0
 1  0 417172  66200  24852 407928    0    0     0     0 2586  815 11 59 30  0  0
 0  0 417172  66200  24852 407932    0    0     0     0 2378  808  4 70 26  0  0
 1  0 417172  66200  24852 407940    0    0     0     0 2221  871  9 73 19  0  0
 0  0 417172  66200  24860 407948    0    0     0    12 2539  828  5 61 34  0  0
 1  0 417172  66200  24860 407956    0    0     0     0 2449  886 10 64 25  0  0
 1  0 417172  66200  24860 407964    0    0     0     0 2428  746  7 63 30  0  0
 1  0 417172  66200  24860 407968    0    0     0     0 2676  959 11 55 35  0  0
 1  0 417172  66200  24860 407976    0    0     0     0 2559  776 11 64 25  0  0
 1  0 417172  66200  24868 407980    0    0     0    12 2518  893 11 64 25  0  0
19  0 417172  66200  24868 407988    0    0     0     0 2152  763  5 71 24  0  0
 3  0 417172  66200  24868 407992    0    0     0     0 2809  924  8 59 32  0  0
 7  0 417172  66200  24868 408000    0    0     0     0 3302 1078 11 49 40  0  0
 0  0 417172  66200  24868 408012    0    0     0     0 2030  817  8 72 20  0  0
 1  0 417172  66200  24876 408016    0    0     0    12 2263  805 18 61 21  0  0
 1  0 417172  66200  24876 408024    0    0     0     0 1571  664  9 82  9  0  0
 1  0 417172  66200  24876 408032    0    0     0     0 2342  888 10 64 26  0  0
 1  0 417172  66200  24876 408036    0    0     0   212 2018  748  9 71 20  0  0
 1  0 417172  66200  24876 408044    0    0     0     0 2611  790  8 59 32  0  0
 1  0 417172  66200  24884 408052    0    0     0    24 2889 1035  9 57 34  0  0
 2  0 417172  66200  24892 408056    0    0     0    40 2209  814 10 68 22  0  0
 1  0 417172  66200  24892 408064    0    0     0     0 2769  900  9 57 34  0  0
 3  0 417172  66200  24892 408072    0    0     0    12 2848  971 10 51 40  0  0
 0  0 417172  66200  24900 408080    0    0     0    52 2921 1156 15 52 33  0  0
 1  0 417172  66200  24900 408088    0    0     0     0 2211  758  9 65 26  0  0
 1  0 417172  66200  24900 408092    0    0     0     0 1451 1023 19 70 11  0  0
 6  0 417172  66200  24900 408096    0    0     0     0 1403  703 16 72 12  0  0
 0  0 417172  66200  24900 408080    0    0     0     0  804  774 10 17 73  0  0
 0  0 417172  66200  24908 408080    0    0     0    12  437  740  5  1 93  0  0
 0  0 417172  66200  24908 408080    0    0     0     0  387  651  4  3 93  0  0
 0  0 417172  66200  24908 408080    0    0     0     0  397  687  4  2 94  0  0
 0  0 417172  66200  24908 408080    0    0     0     0  392  646  3  0 96  1  0
 0  0 417172  66200  24908 408080    0    0     0     0  315  569  5  1 94  0  0
 0  0 417172  66200  24908 408080    0    0     0     0  260  469  2  0 98  0  0
 0  0 417172  66200  24908 408080    0    0     0     0  234  417  4  1 95  0  0
 0  0 417172  66200  24908 408084   28    0    28     0  413 1706 35  3 61  0  0
 0  0 417172  65948  24916 408228   40    0   172    20  446 1647 25  6 68  0  0
 0  0 417172  65948  24916 408228    0    0     0     0  106  260  2  1 97  0  0
 0  0 417172  65948  24916 408228    0    0     0     0  117  292  2  0 98  0  0
 0  0 417172  65948  24916 408228    0    0     0     0  138  277  0  0 100  0  0
 0  0 417172  65948  24916 408228    0    0     0     0  390  918  2  1 97  0  0
 0  0 414100  65948  24924 408220 3112    0  3112    84  539 1493 14  5 77  3  0
 0  0 414100  65948  24924 408228    0    0     0     0  257  565  3  1 96  0  0
 0  0 414100  65948  24924 408228    0    0     0     0   92  155  0  0 100  0  0
 1  0 414100  65948  24924 408228    0    0     0     0  112  321  4  1 95  0  0
 4  0 415380  68104  24056 405820   84 1380   240  1408  427 3997 59  9 32  0  0
 1  0 418196  67944  22160 399732   36 2652   104  2652  566 8970 88 12  0  0  0
 1  0 418196  67944  22160 399732   12    0    12     0  475 1450 48  4 48  0  0
 0  0 418196  67944  22160 399732    0    0     0    64  142  306  2  0 98  0  0
 0  0 418196  67944  22160 399732    4    0     4     0  145  431  1  1 98  0  0
