 r  b   swpd   free   buff  cache   si   so    bi    bo   in   cs us sy id wa st
 0  0 406288  70648  24244 408236    0    0     0     0 2614  522  1 12 87  0  0
 0  0 406288  70648  24244 408240    0    0     0     0 3192  718  1 18 81  0  0
 0  0 406288  70424  24244 408248    0    0     0     0 3723  707  3 18 78  0  0
 0  0 406288  70200  24244 408252    0    0     0     0 3573  730  1 24 75  0  0
 0  0 406288  69976  24252 408260    0    0     0    12 4769  876  6 37 56  0  0
 0  0 406288  69976  24252 408268    0    0     0     0 3786  722  1 26 73  0  0
 0  0 406288  69752  24252 408272    0    0     0     0 3789  690  5 25 70  0  0
 1  0 406288  69752  24252 408280    0    0     0     0 3555  652  2 24 73  0  0
 0  0 406288  69752  24252 408288    0    0     0     0 3405  664  1 26 73  0  0
 0  0 406288  69752  24260 408296    0    0     0    12 3726  759  3 30 66  0  0
 0  0 406288  69752  24260 408300    0    0     0     0 3711  707  2 28 69  0  0
 1  0 406288  69752  24260 408308    0    0     0     0 3278  901  0 32 68  0  0
 2  0 406288  69752  24260 408312    0    0     0     0 2775  645  2 19 78  0  0
 1  0 406288  69752  24260 408320    0    0     0     0 3699  699  1 31 68  0  0
 0  0 406288  69752  24268 408328    0    0     0    12 3635  767  2 29 67  1  0
 0  0 406288  69752  24268 408332    0    0     0     0 4029  762  4 33 64  0  0
 1  0 406288  69752  24268 408340    0    0     0     0 3596  659  2 32 66  0  0
 2  0 406288  69752  24268 408348    0    0     0     0 3075  662  2 22 76  0  0
 0  0 406288  69752  24268 408352    0    0     0     0 3059  636  1 18 81  0  0
 2  0 406288  69752  24276 408364    0    0     0    12 3561  739  3 26 70  0  0
 1  0 406288  69752  24276 408368    0    0     0     0 3103  704  2 20 77  0  0
 1  0 406288  69752  24276 408376    0    0     0     0 3226  694  1 27 72  0  0
 0  0 406288  69752  24276 408380    0    0     0     0 3849  685  1 28 71  0  0
 1  0 406288  69752  24276 408388    0    0     0     0 2915  704  1 24 75  0  0
 1  0 406288  69752  24284 408384    0    0     0    12 2820  623  1 22 77  0  0
 3  0 406288  69752  24284 408400    0    0     0     0 2812  660  3 22 74  0  0
 0  0 406288  69752  24284 408408    0    0     0     0 3081  667  3 25 72  0  0
 0  0 406288  69752  24284 408416    0    0     0     0 2979  606  1 19 80  0  0
 1  0 406288  69752  24284 408420    0    0     0     0 2985  689  0 20 80  0  0
 0  0 406288  69752  24292 408428    0    0     0    12 2559  797  2 25 73  0  0
 1  0 406288  69752  24292 408432    0    0     0   204 3419  717  4 25 71  0  0
 0  0 406288  69752  24292 408440    0    0     0     0 3740  731  2 29 68  0  0
 0  0 406288  69528  24292 408444    0    0     0     0 3728  695  5 33 63  0  0
 0  0 406288  69528  24292 408452    0    0     0     0 3213  806  8 36 56  0  0
 3  0 406288  69528  24300 408452    0    0     0    24 3865  913  6 32 62  0  0
 0  0 406288  69528  24300 408468    0    0     0     0 2952  745  2 25 73  0  0
 1  0 406288  69528  24300 408472    0    0     0     0 2908  687  2 22 76  0  0
 0  0 406288  69528  24300 408480    0    0     0     0 3624  788  2 25 73  0  0
 1  0 406288  69528  24300 408484    0    0     0     0 3552  729  2 26 71  0  0
 0  0 406288  69528  24300 408492    0    0     0     0 3129  751  3 25 72  0  0
 1  0 406288  69528  24308 408496    0    0     0    12 3127  679  3 22 74  0  0
 2  0 406288  69528  24308 408508    0    0     0     0 3427  720  4 24 72  0  0
 1  0 406288  69528  24308 408512    0    0     0     0 3392  697  6 27 67  0  0
 0  0 406288  69528  24308 408516    0    0     0     0 3181  619  5 23 71  0  0
 2  0 406288  69528  24308 408524    0    0     0     0 2676  671  4 15 80  0  0
 0  0 406288  69528  24316 408528    0    0     0    12 2705  600  4 15 81  0  0
 0  0 406288  69528  24316 408540    0    0     0     0 3616  747  2 23 75  0  0
 0  0 406288  69528  24316 408544    0    0     0     0 2409  699  5 15 80  0  0
 0  0 406288  69528  24316 408552    0    0     0     0 2718  648  2 19 79  0  0
 0  0 406288  69528  24316 408556    0    0     0     0 3829  724  4 31 65  0  0
 0  0 406288  69528  24324 408564    0    0     0    12 3408  740  3 19 78  0  0
 0  0 406288  69528  24324 408568    0    0     0     0 2693  675  2 20 78  0  0
 0  0 406288  69528  24324 408576    0    0     0     0 3064  645  2 21 77  0  0
 0  0 406288  69528  24324 408580    0    0     0     0 3309  747  3 22 75  0  0
 2  0 406288  69528  24324 408588    0    0     0     0 3508  686  4 35 62  0  0
 1  0 406288  69528  24332 408596    0    0     0    12 3164  677  4 30 64  1  0
 1  0 406288  69528  24332 408604    0    0     0     0 3574  729  6 24 71  0  0
 2  0 406288  69528  24332 408608    0    0     0     0 3176  661  6 22 72  0  0
 0  0 406288  69528  24332 408616    0    0     0     0 3276  682  2 21 76  0  0
 0  0 406288  69528  24332 408620    0    0     0     0 3236  767 11 23 66  0  0
 1  0 406288  69528  24340 408628    0    0     0    12 2528  660  1 15 84  0  0
 1  0 406288  69528  24340 408632    0    0     0   204 3707  736  3 28 69  0  0
 0  0 406288  69528  24340 408644    0    0     0     0 3302  749  5 21 74  0  0
 0  0 406288  69528  24340 408648    0    0     0     0 3653  740  5 27 68  0  0
 0  0 406288  69528  24340 408652    0    0     0     0 3658  780  4 27 70  0  0
 2  0 406288  69528  24348 408660    0    0     0    24 3002  695  2 21 77  0  0
 0  0 406288  69528  24348 408664    0    0     0    12 3975  729  0 27 73  0  0
 3  0 406288  68632  24348 408676    0    0     0     0 3307  791  5 29 66  0  0
 0  0 406288  68632  24348 408680    0    0     0     0 3753  758  4 40 56  0  0
 0  0 406288  68632  24348 408688    0    0     0     0 3068  704  5 29 67  0  0
 0  0 406288  68632  24356 408692    0    0     0    12 3081  713  1 35 63  0  0
 0  0 406288  68632  24356 408700    0    0     0     0 3858  780  6 39 55  0  0
 0  0 406288  68632  24356 408704    0    0     0     0 2845  651  3 18 78  0  0
 1  0 406288  68632  24356 408712    0    0     0     0 3241  738  3 25 71  0  0
 0  0 406288  68632  24356 408716    0    0     0     0 3314  660  1 29 70  0  0
 0  0 406288  68632  24364 408728    0    0     0    12 3259  756  3 24 73  0  0
 2  0 406288  68632  24364 408732    0    0     0     0 3466  655  1 28 71  0  0
 0  0 406288  68632  24364 408740    0    0     0     0 3745  742  5 29 67  0  0
 0  0 406288  68632  24364 408748    0    0     0     0 3345  771  3 21 76  0  0
 1  0 406288  68632  24364 408752    0    0     0     0 3790  724  8 40 53  0  0
 0  0 406288  68632  24372 408756    0    0     0    12 3779  776  4 33 63  0  0
 2  0 406288  68632  24372 408764    0    0     0     0 3268  743  6 25 70  0  0
 0  0 406288  68632  24372 408768    0    0     0     0 3352  669  2 34 64  0  0
 1  0 406288  68632  24372 408780    0    0     0     0 2934  636  3 15 81  0  0
 0  0 406288  68632  24372 408784    0    0     0     0 3694  807  4 29 68  0  0
 0  0 406288  68632  24380 408792    0    0     0    12 3531  712  6 22 73  0  0
 1  0 406288  68632  24380 408796    0    0     0     0 3324  659  2 20 78  0  0
 2  0 406288  68632  24380 408804    0    0     0     0 3527  806  6 31 64  0  0
 0  0 406288  68632  24380 408808    0    0     0     0 3929  713  5 33 62  0  0
 0  0 406288  68632  24380 408816    0    0     0     0 3367  730  2 23 74  0  0
 1  0 406288  68632  24388 408820    0    0     0    12 3548  797  4 64 32  0  0
 0  0 406288  68632  24388 408832    0    0     0     0 3714  778  7 51 42  0  0
 0  0 406288  68632  24388 408836    0    0     0   204 3433  797  7 25 68  0  0
 0  0 406288  68632  24388 408844    0    0     0     0 4171  815  1 39 60  0  0
 0  0 406288  68632  24388 408848    0    0     0     0 3551  835  6 29 65  0  0
 0  0 406288  68632  24396 408856    0    0     0    24 3584  785  3 24 73  0  0
 0  0 406288  68632  24396 408860    0    0     0     0 3399  727  3 22 74  0  0
 0  0 406288  68632  24396 408868    0    0     0     0 3255  699  3 22 74  0  0
 0  0 406288  68632  24396 408872    0    0     0     0 3191  739  3 22 74  0  0
 0  0 406288  68632  24396 408884    0    0     0     0 3489  749  3 22 76  0  0
 0  0 406288  68632  24404 408888    0    0     0    12 2913  734  3 23 72  1  0
 0  0 406288  68632  24404 408896    0    0     0     0 3236  621  2 19 79  0  0
 1  0 406288  68632  24404 408900    0    0     0     0 3174  699  2 19 78  0  0
 0  0 406288  68632  24404 408908    0    0     0     0 3270  685  4 25 72  0  0
 0  0 406288  68632  24404 408912    0    0     0     0 2811  684  2 16 82  0  0
 0  0 406288  68632  24412 408920    0    0     0    12 2812  661  2 21 77  0  0
 0  0 406288  68632  24412 408924    0    0     0     0 3693  771  4 44 53  0  0
 0  0 406288  68632  24412 408936    0    0     0    12 4131  844  5 41 54  0  0
 0  0 406288  68632  24412 408940    0    0     0     0 3145  759  2 22 76  0  0
 0  0 406288  68632  24412 408944    0    0     0     0 3735  759  2 28 69  0  0
 2  0 406288  68632  24420 408956    0    0     0    12 4053  771  5 38 57  0  0
 0  0 406288  68632  24420 408956    0    0     0     0 3724  696  7 26 67  0  0
 0  0 406288  68632  24420 408968    0    0     0     0 3301  783  5 27 68  0  0
 0  0 406288  68632  24420 408972    0    0     0     0 2999  636  2 19 79  0  0
 0  0 406288  68632  24420 408980    0    0     0     0 3704  786  5 32 63  0  0
 2  0 406288  68632  24428 408984    0    0     0    12 3560  778  5 42 53  0  0
 0  0 406288  68632  24428 408992    0    0     0     0 3206  668  5 28 67  0  0
 1  0 406288  68632  24428 408996    0    0     0     0 3582  690  2 27 71  0  0
 0  0 406288  68632  24428 409008    0    0     0     0 3509  619  2 20 77  0  0
 0  0 406288  68632  24428 409008    0    0     0     0 2834  786  9 20 71  0  0
 0  0 406288  68632  24436 409020    0    0     0    12 3652  667  2 29 65  4  0
 1  0 406288  68632  24436 409024    0    0     0     0 2867  697  2 17 81  0  0
 0  0 406288  68632  24436 409032    0    0     0   204 4037  814  6 29 65  0  0
 0  0 406288  68632  24436 409040    0    0     0     0 3561  696  5 30 65  0  0
 0  0 406288  68632  24436 409040    0    0     0     0 3335  683  2 24 73  0  0
 0  0 406288  68632  24444 409052    0    0     0    24 3543  771  6 23 71  0  0
 0  0 406288  68632  24444 409056    0    0     0     0 3231  768  2 26 72  0  0
 0  0 406288  68632  24444 409064    0    0     0     0 3522  684  5 20 75  0  0
 1  0 406288  68632  24444 409068    0    0     0     0 3863  716  7 24 68  0  0
 0  0 406288  68632  24444 409076    0    0     0     0 3093  675  2 24 74  0  0
 1  0 406288  68632  24452 409084    0    0     0    12 4214  808  4 46 50  0  0
 0  0 406288  68632  24452 409088    0    0     0     0 3271  692  6 27 68  0  0
 0  0 406288  68632  24452 409096    0    0     0     0 3346  723  1 26 73  0  0
 0  0 406288  68632  24452 409100    0    0     0     0 3686  771  3 33 63  0  0
 0  0 406288  68632  24452 409108    0    0     0     0 3843  749  8 28 65  0  0
 0  0 406288  68632  24460 409112    0    0     0    12 3159  749  7 28 65  0  0
 0  0 406288  68632  24460 409124    0    0     0     0 3640  801  5 34 61  0  0
 0  0 406288  68632  24460 409128    0    0     0     0 3008  738  5 24 71  0  0
 0  0 406288  68632  24460 409136    0    0     0     0 2803  768  4 21 75  0  0
 0  0 406288  68632  24460 409140    0    0     0     0 2663  687  3 14 83  0  0
 0  0 406288  68632  24468 409148    0    0     0    12 3091  776  3 30 67  0  0
 0  0 406288  68632  24468 409156    0    0     0     0 3751  747  6 32 62  0  0
 0  0 406288  68632  24468 409160    0    0     0     0 2928  678  4 22 73  0  0
 0  0 406288  68632  24468 409168    0    0     0     0 2818  716  1 21 78  0  0
 0  0 406288  68632  24468 409172    0    0     0     0 3490  778  3 26 70  0  0
 0  0 406288  68632  24476 409180    0    0     0    12 3568  773  3 30 66  1  0
 0  0 406288  68632  24476 409188    0    0     0     0 3577  705  5 26 70  0  0
 0  0 406288  68632  24476 409192    0    0     0     0 4059  826  5 40 55  0  0
 0  0 406288  68632  24476 409200    0    0     0     0 3447  722  3 30 66  0  0
 0  0 406288  68632  24476 409204    0    0     0     0 3155  764  4 18 78  0  0
 0  0 406288  68632  24484 409212    0    0     0    12 2916  749  4 16 80  0  0
 0  0 406288  68632  24484 409220    0    0     0     0 2924  748  3 19 78  0  0
 0  0 406288  68632  24484 409224    0    0     0     0 3399  727  4 23 72  0  0
 0  0 406288  68632  24484 409232    0    0     0   200 3520  704  5 28 68  0  0
 0  0 406288  68632  24484 409236    0    0     0     0 2980  702  3 20 77  0  0
 0  0 406288  68632  24492 409248    0    0     0    24 3301  701  6 22 72  0  0
 1  0 406288  68632  24492 409248    0    0     0     0 3469  708  2 24 73  0  0
 0  0 406288  68632  24492 409260    0    0     0     0 3030  727  3 16 80  0  0
 0  0 406288  68632  24492 409264    0    0     0    12 3063  684  5 28 67  0  0
 0  0 406288  68632  24492 409272    0    0     0     0 3323  741  8 29 63  0  0
 0  0 406288  68632  24500 409276    0    0     0    12 3234  742  2 33 65  0  0
 0  0 406288  68632  24500 409284    0    0     0     0 3933  697  6 29 65  0  0
 0  0 406288  68632  24500 409288    0    0     0     0 3322  786  7 24 69  0  0
 0  0 406288  68632  24500 409296    0    0     0     0 3475  741  5 32 63  0  0
 0  0 406288  68632  24500 409304    0    0     0     0 3336  671  1 37 62  0  0
 0  0 406288  68632  24508 409308    0    0     0    12 3419  696  7 24 70  0  0
 0  0 406288  68632  24508 409316    0    0     0     0 3389  696  2 26 72  0  0
 0  0 406288  68632  24508 409320    0    0     0     0 3162  718  5 21 74  0  0
 1  0 406288  68632  24508 409332    0    0     0     0 3575  737  5 24 71  0  0
 2  0 406288  68632  24508 409332    0    0     0     0 3498  759  5 34 61  0  0
 1  0 406288  68632  24516 409344    0    0     0    12 3007  664  5 15 79  0  0
 4  0 406288  68632  24516 409348    0    0     0     0 3738  729  8 31 61  0  0
 0  0 406288  68632  24516 409356    0    0     0     0 3015  688  4 21 75  0  0
 4  0 406288  68632  24516 409360    0    0     0     0 3094  712  1 26 73  0  0
 0  0 406288  68632  24516 409368    0    0     0     0 3776  666  4 27 69  0  0
 0  0 406288  68632  24524 409372    0    0     0    12 3585  651  4 26 70  0  0
 0  0 406288  68632  24524 409384    0    0     0     0 2673  642  0 14 86  0  0
 1  0 406288  68632  24524 409384    0    0     0     0 2936  678  4 31 64  0  0
 0  0 406288  68632  24524 409396    0    0     0     0 3799  699  7 34 59  0  0
 2  0 406288  68632  24524 409400    0    0     0     0 3167  794  6 26 69  0  0
 1  0 406288  68632  24532 409408    0    0     0    12 3209  673  5 25 70  0  0
 0  0 406288  68632  24532 409412    0    0     0     0 3122  708  2 31 66  0  0
 0  0 406288  68632  24532 409420    0    0     0     0 3388  665  4 22 74  0  0
 1  0 406288  68632  24532 409424    0    0     0     0 3338  735  5 23 72  0  0
 0  0 406288  68632  24532 409436    0    0     0   204 3139  727  5 22 73  0  0
 1  0 406288  68632  24540 409440    0    0     0    24 4020  829  5 36 58  1  0
 0  0 406288  68632  24540 409444    0    0     0     0 4009  694  4 32 65  0  0
 3  0 406288  68632  24540 409452    0    0     0     0 4243  780  4 39 57  0  0
 0  0 406288  68632  24540 409456    0    0     0     0 2384  659  4 16 79  0  0
 1  0 406288  68632  24540 409468    0    0     0     0 3474  657  6 25 69  0  0
 1  0 406288  68632  24548 409472    0    0     0    12 2927  706  4 19 76  1  0
 0  0 406288  68632  24548 409476    0    0     0     0 3250  763  2 21 76  0  0
 1  0 406288  68632  24548 409488    0    0     0     0 3268  758  3 23 74  0  0
 0  0 406288  68632  24548 409492    0    0     0     0 3505  682  5 25 70  0  0
 1  0 406288  68632  24548 409496    0    0     0     0 3030  779  8 21 71  0  0
 0  0 406288  68632  24556 409504    0    0     0    12 3895  809  6 39 55  0  0
 1  0 406288  68632  24556 409512    0    0     0     0 4107  843  3 46 52  0  0
 0  0 406288  68632  24556 409516    0    0     0     0 3630  711  6 34 60  0  0
 0  0 406288  68632  24556 409524    0    0     0     0 3368  748  3 21 75  0  0
 0  0 406288  68632  24556 409528    0    0     0     0 2590  783  4 18 78  0  0
 4  0 406288  68632  24564 409536    0    0     0    12 3617  857  5 39 56  0  0
 0  0 406288  68632  24564 409540    0    0     0     0 3299  728  4 56 40  0  0
 0  0 406288  68632  24564 409552    0    0     0     0 2968  831  6 65 28  0  0
 0  0 406288  68632  24564 409556    0    0     0     0 3483  771  6 29 65  0  0
 0  0 406288  68632  24564 409560    0    0     0     0 2877  742  3 21 76  0  0
 1  0 406288  68632  24572 409572    0    0     0    12 3883  801  4 30 66  0  0
 0  0 406288  68632  24572 409572    0    0     0     0 2874  706  4 19 78  0  0
 0  0 406288  68632  24572 409584    0    0     0     0 3698  748  5 35 60  0  0
 0  0 406288  68632  24572 409592    0    0     0     0 3779  744  5 34 61  0  0
 0  0 406288  68632  24572 409592    0    0     0     0 4257  909  5 45 50  0  0
 0  0 406288  68632  24580 409604    0    0     0    12 3436  723  6 27 68  0  0
 0  0 406288  68632  24580 409608    0    0     0     0 2916  666  2 21 76  0  0
 1  0 406288  68632  24580 409612    0    0     0     0 3093  728  4 22 74  0  0
 1  0 406288  68632  24580 409624    0    0     0     0 3830  793 10 54 36  0  0
 0  0 406288  68632  24580 409624    0    0     0   216 3058  673  3 29 68  0  0
 0  0 406288  68632  24588 409636    0    0     0    24 3728  755  2 35 63  0  0
 0  0 406288  68632  24588 409640    0    0     0     0 3799  767  4 34 62  0  0
 0  0 406288  68632  24588 409648    0    0     0     0 2917  699  2 21 77  0  0
 0  0 406288  68632  24588 409652    0    0     0     0 3055  659  2 18 80  0  0
 0  0 406288  68632  24588 409660    0    0     0     0 3687  743  3 30 66  0  0
 1  0 406288  68632  24596 409664    0    0     0    12 3506  707  1 23 74  1  0
 2  0 406288  68632  24596 409676    0    0     0     0 3377  768  2 23 74  0  0
 1  0 406288  68632  24596 409676    0    0     0     0 3754  700  7 34 59  0  0
 0  0 406288  68632  24596 409688    0    0     0     0 3497  699  3 26 71  0  0
 0  0 406288  68632  24596 409692    0    0     0     0 2751  739  1 20 79  0  0
 0  0 406288  68632  24604 409700    0    0     0    12 3494  778  2 29 69  0  0
 0  0 406288  68632  24604 409704    0    0     0     0 3544  765  4 28 67  0  0
 0  0 406288  68632  24604 409712    0    0     0     0 3265  739  1 23 76  0  0
 0  0 406288  68632  24604 409716    0    0     0     0 2909  654  3 19 77  0  0
 0  0 406288  68632  24604 409732    0    0     0     0 3756  823  5 34 62  0  0
 1  0 406288  68632  24612 409732    0    0     0    28 3754  697  1 33 66  0  0
 0  0 406288  68632  24612 409744    0    0     0     0 4022  811  4 33 64  0  0
 0  0 406288  68632  24612 409748    0    0     0     0 3261  712  5 21 74  0  0
 0  0 406288  68632  24612 409756    0    0     0     0 3193  728  2 22 76  0  0
 1  0 406288  68632  24612 409760    0    0     0     0 3316  640  2 26 71  0  0
 1  0 406288  68632  24620 409768    0    0     0    12 3608  714  3 24 73  0  0
 0  0 406288  68632  24620 409772    0    0     0     0 3225  630  3 25 72  0  0
 1  0 406288  68632  24620 409784    0    0     0     0 3642  795  9 49 43  0  0
 0  0 406288  68632  24620 409784    0    0     0     0 4119  813  7 43 50  0  0
 0  0 406288  68632  24620 409796    0    0     0     0 3016  748  6 24 70  0  0
 0  0 406288  68632  24628 409800    0    0     0    12 3379  745  2 24 74  0  0
 0  0 406288  68632  24628 409804    0    0     0     0 3628  745  3 28 69  0  0
 0  0 406288  68632  24628 409816    0    0     0     0 3395  728  1 27 72  0  0
 0  0 406288  68632  24628 409816    0    0     0     0 3427  755  5 23 73  0  0
 0  0 406288  68632  24628 409828    0    0     0     0 2956  742  2 23 75  0  0
 0  0 406288  68632  24636 409832    0    0     0   232 3463  717  3 26 71  0  0
 0  0 406288  68632  24644 409840    0    0     0    56 3625  685  2 28 69  0  0
 0  0 406288  68632  24644 409844    0    0     0     0 3490  741  4 24 73  0  0
 1  0 406288  68632  24668 410208    0    0   228   108 3526 1259 13 36 50  1  0
 1  0 406288  68632  24668 410216    0    0     0     0 3248  902  6 34 60  0  0
 0  0 406288  68632  24668 410224    0    0     0     0 3731  733  6 32 62  0  0
 0  0 406288  68632  24668 410224    0    0     0     0 3493  863  5 28 67  0  0
 0  0 406288  68632  24668 410236    0    0     0     0 3181  681  3 25 71  0  0
 0  0 406288  68632  24676 410244    0    0     0    24 3747  810  6 33 61  0  0
 0  0 406288  68632  24676 410244    0    0     0     0 3350  710  3 31 66  0  0
 0  0 406288  68632  24676 410256    0    0     0     0 3173  663  3 22 74  0  0
 0  0 406288  68632  24676 410256    0    0     0     0 3570  690  5 27 68  0  0
 0  0 406288  68632  24676 410268    0    0     0     0 3420  845  3 24 72  0  0
 0  0 406288  68632  24684 410264    0    0     0    12 3217  729  2 26 72  0  0
 0  0 406288  68632  24684 410276    0    0     0     0 2641  784  3 16 80  0  0
 0  0 406288  68632  24684 410280    0    0     0     4 3471  749  4 21 75  0  0
 0  0 406288  68632  24684 410292    0    0     0     0 3921  748  4 35 61  0  0
 0  0 406288  68632  24684 410292    0    0     0     0 2672  658  2 19 79  0  0
 0  0 406288  68632  24692 410304    0    0     0    36 3311  650  2 24 74  0  0
 0  0 406288  68632  24692 410308    0    0     0     0 3239  687  2 22 75  0  0
 0  0 406288  68632  24692 410312    0    0     0     0 3653  827  5 35 60  0  0
 0  0 406288  68632  24692 410324    0    0     0     0 3258  739  5 32 63  0  0
 0  0 406288  68632  24692 410324    0    0     0     0 3451  708  1 27 72  0  0
 0  0 406288  68632  24700 410336    0    0     0    12 4024  770  5 33 62  0  0
 1  0 406288  68632  24700 410340    0    0     0     0 3615  740  3 29 69  0  0
 0  0 406288  68632  24700 410348    0    0     0     0 3545  762  4 27 69  0  0
 0  0 406288  68632  24700 410352    0    0     0     0 3593  811  6 28 66  0  0
 2  0 406288  68632  24700 410360    0    0     0     0 2627  710  3 18 79  0  0
 0  0 406288  68632  24708 410356    0    0     0    12 3146  766  4 30 66  0  0
 2  0 406288  68632  24708 410376    0    0     0     0 3581  797  2 32 66  0  0
 0  0 406288  68632  24708 410376    0    0     0     0 3212  744  3 21 76  0  0
 0  0 406288  68632  24708 410388    0    0     0   204 3317  748  4 27 69  0  0
 0  0 406288  68632  24708 410392    0    0     0     0 3727  666  2 24 73  0  0
 0  0 406288  68632  24716 410400    0    0     0    24 3560  770  5 26 69  0  0
 0  0 406288  68632  24716 410404    0    0     0     0 3483  841  5 34 61  0  0
 1  0 406288  68632  24716 410412    0    0     0     0 3094  753  2 25 73  0  0
 0  0 406288  68632  24716 410416    0    0     0   768 3910  880  5 43 52  0  0
 0  0 406288  68632  24716 410428    0    0     0     0 3515  792  7 20 73  0  0
 0  0 406288  68632  24728 410416    0    0     0    44 2564  713  3 19 76  1  0
 0  0 406288  68632  24728 410440    0    0     0     0 3315  642  2 28 70  0  0
 0  0 406288  68632  24728 410444    0    0     0     0 3436  735  4 23 73  0  0
 1  0 406288  68632  24728 410448    0    0     0     0 3665  786  4 28 68  0  0
 0  0 406288  68632  24728 410460    0    0     0     0 3025  746  2 21 76  0  0
 0  0 406288  68632  24736 410452    0    0     0    12 2819  699  2 16 82  0  0
 0  0 406288  68632  24736 410472    0    0     0     0 3200  771  3 24 73  0  0
 0  0 406288  68632  24736 410476    0    0     0     0 3220  766  5 24 72  0  0
 0  0 406288  68632  24736 410484    0    0     0     0 3677  734  4 31 65  0  0
 0  0 406288  68632  24736 410488    0    0     0     0 3697  768  4 29 68  0  0
 0  0 406288  68632  24744 410496    0    0     0    12 2847  744  3 28 69  0  0
 0  0 406288  68632  24744 410500    0    0     0     0 3311  709  4 44 53  0  0
 0  0 406288  68632  24744 410512    0    0     0     0 2992  773  2 28 70  0  0
 0  0 406288  68632  24744 410512    0    0     0     0 3565  775  5 30 66  0  0
 0  0 406288  68632  24744 410524    0    0     0     0 3552  795  5 27 68  0  0
 0  0 406288  68632  24752 410520    0    0     0    12 3835  803  5 33 63  0  0
 0  0 406288  68632  24752 410536    0    0     0     0 2655 1015 10 31 59  0  0
 0  0 406288  68632  24752 410536    0    0     0     0  122  230  1  0 99  0  0
 0  0 406288  68632  24752 410536    0    0     0   176  145  248  1  1 98  0  0
 0  0 406288  68632  24752 410536    0    0     0     0  130  219  0  0 100  0  0
 0  0 406288  68632  24752 410536    0    0     0     0  129  247  1  0 99  0  0
 0  0 406288  68632  24760 410528    0    0     0    24  136  255  0  0 99  1  0
 0  0 406288  68632  24760 410536    0    0     0     0  154  215  1  1 98  0  0
 0  0 406288  68632  24760 410536    0    0     0     0  126  232  1  0 99  0  0
 0  0 406288  68632  24760 410536    0    0     0     0   97  210  1  0 99  0  0
 0  0 406288  68632  24760 410536    0    0     0     0  110  214  1  0 99  0  0
 0  0 406288  68632  24760 410536    0    0     0     0  154  262  0  0 100  0  0
 0  0 406288  68632  24760 410536    0    0     0     0  108  214  1  0 99  0  0
 0  0 406288  68632  24760 410536    0    0     0     0  127  212  0  0 100  0  0
 0  0 406288  68632  24760 410536    0    0     0     0  117  240  1  1 98  0  0
 0  0 406288  68632  24760 410536    0    0     0     0  114  220  1  0 99  0  0
 0  0 406288  68632  24760 410536    0    0     0     0  121  227  0  1 99  0  0
 0  0 406288  68632  24760 410536    0    0     0     0  130  233  1  0 99  0  0
 0  0 406288  68632  24760 410536    0    0     0     0  130  215  0  0 100  0  0
 0  0 406288  68632  24760 410536    0    0     0     0  138  247  1  1 98  0  0
 0  0 406288  68632  24760 410536    0    0     0     0  152  215  1  1 98  0  0
 0  0 406288  68632  24760 410536    0    0     0    16  135  232  2  0 98  0  0
 0  0 406288  68632  24760 410536    0    0     0     0  119  220  0  0 100  0  0
 0  0 406288  68632  24760 410536    0    0     0     0  124  218  1  0 99  0  0
 0  0 406288  68632  24760 410536    0    0     0     0  123  218  1  0 99  0  0
 0  0 406288  68632  24760 410536    0    0     0     0  142  244  0  0 100  0  0
 0  0 406288  68632  24760 410536    0    0     0     0  127  223  1  0 99  0  0
 0  0 406288  68632  24760 410536    0    0     0     0  132  251  1  0 99  0  0
 0  0 406288  68632  24760 410536    0    0     0     0  135  248  0  0 100  0  0
 0  0 406288  68632  24760 410536    0    0     0     0  124  204  2  0 98  0  0
 0  0 406288  68632  24760 410536    0    0     0     0  120  224  0  0 100  0  0
 0  0 406288  68632  24760 410536    0    0     0     0  131  232  1  0 99  0  0
 0  0 406288  68632  24760 410536    0    0     0     0  143  211  1  0 99  0  0
 0  0 406288  68632  24760 410536    0    0     0     0  142  248  0  0 100  0  0
 0  0 406288  68632  24760 410536    0    0     0     0  105  200  2  0 98  0  0
 0  0 406288  68632  24760 410536    0    0     0     0  128  229  0  0 100  0  0
 0  0 406288  68632  24760 410536    8    0     8     0  466 1088  6  2 90  1  0
 0  0 406288  68632  24760 410536    0    0     0     0  516  872  5  1 94  0  0
 0  0 406288  68632  24760 410536    0    0     0     0  494  831  5  1 94  0  0
 0  0 406288  68632  24760 410536    0    0     0     0  510  798  2  0 98  0  0
 0  0 406288  68632  24760 410536    0    0     0     0  517  765  4  1 95  0  0
 0  0 406288  68632  24760 410536    0    0     0     0  520  750  6  1 93  0  0
 0  0 406288  68632  24760 410536    0    0     0     0  455  655  3  1 96  0  0
 0  0 406288  68632  24760 410536    0    0     0     0  394  592  2  1 97  0  0
 0  0 406288  68632  24760 410536    0    0     0     0  360  502  2  0 98  0  0
 0  0 406288  68632  24760 410536    0    0     0     0  233  378  1  0 99  0  0
 0  0 404496  68632  24760 410540 2068    0  2068     0  609 1897 33  2 65  0  0
