 r  b   swpd   free   buff  cache   si   so    bi    bo   in   cs us sy id wa st
 1  0 370612  58220  23592 490888  138  733  5207  1632 1007 1493 18 12 67  3  0
 0  0 370612  58220  23600 490880    0    0     0    36  185  455  2  2 95  1  0
 0  0 370612  58220  23600 490888    0    0     0     0  140  300  0  1 99  0  0
 1  0 370612  58220  23600 490888    0    0     0     0  255  268  2  1 97  0  0
 0  0 370612  58220  23600 490892    0    0     0     0 1084  394  1  7 92  0  0
 0  0 370612  58220  23600 490892    0    0     0     0 1442  398  1 11 88  0  0
 0  0 370612  58220  23600 490892    4    0     4     0 1279  460  1  8 91  0  0
 0  0 370612  58220  23600 490896    0    0     0     0 1256  393  2  8 90  0  0
 0  0 370612  58220  23616 490952    0    0     0   120 1100  462  2  6 90  1  0
 0  0 370612  58220  23616 490976    0    0     0     0 1430  467  4  9 87  0  0
 2  0 370612  58220  23616 490980    0    0     0     0 1763  459  2 13 85  0  0
 0  0 370612  58220  23616 490980    0    0     0    40  869  424  1  7 92  0  0
 0  0 370612  58220  23616 490984    0    0     0     0 1391  425  1  8 91  0  0
 0  0 370612  58220  23624 490976    0    0     0    40 1024  429  0  8 92  0  0
 0  0 370612  58220  23624 490988    0    0     0     0  680  354  2  4 94  0  0
 0  0 370612  58220  23624 490988    0    0     0     0  867  380  2  3 95  0  0
 0  0 370612  58220  23624 490992    0    0     0     0 1219  405  1 11 88  0  0
 0  0 370612  58220  23624 490996    0    0     0     0 1254  377  1 10 89  0  0
 0  0 370612  58220  23632 490988    0    0     0    12 1628  424  2  5 93  0  0
 0  0 370612  58220  23648 491012   76    0    84    44 1659  516  3  9 87  1  0
 0  0 370612  58220  23648 491012    0    0     0     0 1711  447  1 14 85  0  0
 0  0 370612  58220  23648 491016    0    0     0   104 1073  437  0 11 89  0  0
 0  0 370612  58220  23648 491016    0    0     0     0 1575  474  2 11 87  0  0
 0  0 370612  58220  23648 491020    0    0     0     0 1340  419  4 10 86  0  0
 0  0 370612  58220  23656 491012    0    0     0    48 1681  531  1 12 87  0  0
 0  0 370612  58220  23656 491028    0    0     0     0 2156  460  3 11 85  0  0
 0  0 370612  58220  23656 491028    0    0     0     0 1622  398  1  7 92  0  0
 0  0 370612  58220  23656 491028    0    0     0     0 1216  396  2 10 88  0  0
 1  0 370612  74648  23580 490824    0    0     0     0 1624  460  0 11 89  0  0
 0  0 370612  74648  23588 490816    0    0     0    12 1054  412  2  7 90  0  0
 0  0 370612  74648  23588 490828    0    0     0     0 1276  459  2  9 89  0  0
 0  0 370612  74648  23588 490828    0    0     0     0 1260  392  1  8 91  0  0
 0  0 370612  74648  23588 490832    0    0     0     0 1820  429  3 10 87  0  0
 0  0 370612  74648  23588 490836    0    0     0     0 1208  456  1 11 88  0  0
 0  0 370612  74648  23596 490828    0    0     0    12 1484  454  1 12 87  0  0
 0  0 370612  74648  23596 490840    0    0     0     0 1160  463  3  9 88  0  0
 0  0 370612  74648  23596 490840    0    0     0     0 1288  433  2  6 92  0  0
 0  0 370612  74648  23596 490844    0    0     0     0 1201  404  1  8 91  0  0
 0  0 370612  74648  23596 490848    0    0     0     0 1318  448  1  9 89  0  0
 0  0 370612  74648  23604 490852    0    0     0    12  834  356  1  7 91  1  0
 0  0 370612  74648  23604 490852    0    0     0     0 1744  449  1  9 90  0  0
 0  0 370612  74648  23604 490852    0    0     0   112  869  426  1  4 95  0  0
 0  0 370612  74648  23604 490856    0    0     0     0  912  433  2  8 90  0  0
 0  0 370612  74648  23604 490860    0    0     0     0 1950  462  2 11 86  0  0
 0  0 370612  74648  23612 490852    0    0     0    24 1170  434  0 12 88  0  0
 0  0 370612  74648  23612 490864    0    0     0     0  974  408  2  5 92  0  0
 0  0 370612  74424  23612 490864    0    0     0     0 1818  444  1 13 86  0  0
 0  0 370612  74424  23612 490868    0    0     0     0 1199  392  1  9 90  0  0
 0  0 370612  74424  23612 490868    0    0     0     0 1730  410  2 13 85  0  0
 0  0 370612  74424  23620 490872    0    0     0    12 1300  439  2  8 90  0  0
 0  0 370612  74424  23620 490872    0    0     0     0 1282  440  2  8 90  0  0
 0  0 370612  74424  23620 490876    0    0     0     0 1342  456  1 10 89  0  0
 0  0 370612  74172  23620 490880    0    0     0     0 1204  422  2  5 92  0  0
 0  0 370612  74172  23620 490880    0    0     0     0 1389  443  1 10 89  0  0
 0  0 370612  74172  23628 490884    0    0     0    12 1142  459  1  7 91  0  0
 0  0 370612  74172  23628 490884    4    0     4     0  947  407  1  5 94  0  0
 0  0 370612  74172  23628 490888    0    0     0     0 1417  421  1 10 89  0  0
 0  0 370612  74172  23628 490888    0    0     0    48 1356  439  1 10 89  0  0
 0  0 370612  74172  23628 490892    0    0     0     0 1340  397  2  7 91  0  0
 0  0 370612  74172  23636 490884    0    0     0    12 1468  394  1  8 91  0  0
 0  0 370612  74172  23636 490896    0    0     0     0  889  397  0  6 94  0  0
 0  0 370612  74172  23636 490896    0    0     0     0 1316  408  1  9 90  0  0
 1  0 370612  74172  23636 490900    0    0     0     0 1505  478  2  6 92  0  0
 0  0 370612  74172  23636 490900    0    0     0     0 1449  423  2 13 85  0  0
 0  0 370612  74172  23644 490904    0    0     0    12 1385  446  2  7 89  2  0
 0  0 370612  74172  23644 490908    0    0     0     0 1263  456  3 11 85  0  0
 1  0 370612  74172  23644 490912    0    0     0     0 1020  396  2  5 92  0  0
 0  0 370612  74172  23644 490912    0    0     0    60  760  420  2  6 92  0  0
 0  0 370612  74172  23644 490916    0    0     0     0 1297  488  2  9 89  0  0
 0  0 370612  74172  23652 490908    0    0     0    20 1418  462  1  9 90  0  0
 1  0 370612  73920  23652 490920    0    0     0     0 1415  421  1 14 85  0  0
 0  0 370612  73920  23652 490920    0    0     0     0 1594  438  3 10 87  0  0
 0  0 370612  73920  23652 490924    0    0     0     0 1260  425  0 10 90  0  0
 0  0 370612  73920  23652 490924    0    0     0     0 1683  392  1 12 87  0  0
 0  0 370612  73920  23660 490928    0    0     0    12 1768  484  1 15 84  0  0
 0  0 370612  73920  23660 490928    0    0     0     0 1223  399  1  7 92  0  0
 0  0 370612  73920  23660 490932    0    0     0     0 1184  415  1  8 91  0  0
 0  0 370612  73920  23660 490932    0    0     0     0 1261  509  5 10 85  0  0
 0  0 370612  73920  23660 490936    0    0     0     0 1609  461  2 10 88  0  0
 0  0 370612  73920  23668 490928    0    0     0    12 1452  476  1 10 89  0  0
 0  0 370612  73920  23668 490940    0    0     0     0 1498  483  2 10 87  0  0
 0  0 370612  73920  23668 490940    0    0     0     0 1080  400  0  9 91  0  0
 0  0 370612  73920  23668 490944    0    0     0     0  919  456  1  4 95  0  0
 0  0 370612  73920  23668 490944    0    0     0     0 1269  467  1 10 89  0  0
 0  0 370612  73920  23676 490948    0    0     0    12  988  423  1  4 95  0  0
 0  0 370612  73920  23676 490948    0    0     0     0 1331  447  1  7 92  0  0
 0  0 370612  73920  23676 490952    0    0     0     0 1323  460  0  8 92  0  0
 0  0 370612  73920  23676 490952    0    0     0     0 1123  413  0  5 95  0  0
 1  0 370612  73920  23676 490956    0    0     0     0 1017  429  2  8 90  0  0
 0  0 370612  73920  23684 490960    0    0     0    12 1453  476  2  8 89  1  0
 0  0 370612  73668  23684 490960    0    0     0     0 1493  473  2 12 86  0  0
 0  0 370612  73668  23684 490964    0    0     0     0 1117  423  2  8 90  0  0
 0  0 370612  73668  23684 490968    0    0     0     0 1279  449  0  9 91  0  0
 0  0 370612  73668  23684 490968    0    0     0     0 1335  481  1 10 89  0  0
 0  0 370612  73668  23692 490972    0    0     0    12 1171  420  1  9 90  0  0
 0  0 370612  73668  23692 490972    0    0     0     0 1531  480  2  9 89  0  0
 0  0 370612  73668  23692 490976    0    0     0     0 1262  448  2  9 89  0  0
 0  0 370612  73668  23692 490976    0    0     0     0  666  396  1  2 97  0  0
 0  0 370612  73668  23692 490980    0    0     0    68  947  445  1  5 94  0  0
 0  0 370612  73668  23700 490972    0    0     0    20 1149  457  2  9 89  0  0
 0  0 370612  73668  23700 490984    0    0     0     0 1242  400  1  9 90  0  0
 0  0 370612  73668  23700 490984    0    0     0     0 1240  459  1  9 90  0  0
 0  0 370612  73668  23700 490988    0    0     0     0 1272  397  2  9 89  0  0
 0  0 370612  73668  23700 490988    0    0     0     8 1533  393  1  9 90  0  0
 0  0 370612  73668  23708 490984    0    0     0    12 1613  495  3 13 84  0  0
 0  0 370612  73668  23708 490996    0    0     0     0 1218  430  0  7 93  0  0
 0  0 370612  73668  23708 490996    0    0     0     0 1296  412  1  8 91  0  0
 0  0 370612  73668  23708 491000    0    0     0     0 1628  527  1 12 87  0  0
 0  0 370612  73668  23708 491000    0    0     0    28  718  399  1  4 95  0  0
 0  0 370612  73668  23716 491004    0    0     0    20 1424  455  1 10 89  0  0
 0  0 370612  73668  23716 491004    0    0     0     0 1546  498  3 13 84  0  0
 0  0 370612  73668  23716 491004    0    0     0     0 1330  442  0  8 92  0  0
 0  0 370612  73668  23716 491008    0    0     0     0 1422  470  3 11 86  0  0
 0  0 370612  73668  23716 491008    0    0     0    16 1460  444  1  8 91  0  0
 0  0 370612  73668  23724 491012    0    0     0    20 1110  396  1  7 92  0  0
 0  0 370612  73668  23724 491016    8    0     8     0  961  412  0  8 91  1  0
 0  0 370612  73668  23724 491020    0    0     0     0 1072  404  1  6 92  0  0
 0  0 370612  73668  23724 491020    0    0     0     0 1479  454  2  9 89  0  0
 0  0 370612  73668  23724 491024    0    0     0     0 1065  389  2  5 93  0  0
 0  0 370612  73416  23732 491016    0    0     0    12 1639  478  1  9 90  0  0
 0  0 370612  73416  23732 491028    0    0     0     0 1198  422  2  8 90  0  0
 0  0 370612  73416  23732 491028    0    0     0     0 1064  449  2  6 92  0  0
 0  0 370612  73416  23732 491028    0    0     0     0 1399  424  2  9 89  0  0
 0  0 370612  73416  23732 491032    0    0     0     0 1176  395  1  7 92  0  0
 0  0 370612  73416  23740 491036    0    0     0    12 1228  412  1  9 90  0  0
 0  0 370612  73416  23740 491036    0    0     0     0 1546  474  1 12 87  0  0
 0  0 370612  73416  23740 491040    0    0     0     0 1175  466  2 10 88  0  0
 0  0 370612  73416  23740 491040    0    0     0     0 1226  436  1 11 88  0  0
 0  0 370612  73416  23740 491044    0    0     0     0 1492  433  3 12 85  0  0
 0  0 370612  73416  23748 491036    0    0     0    12 1150  467  2  6 91  0  0
 0  0 370612  73416  23748 491048    0    0     0     0  852  417  3  6 91  0  0
 0  0 370612  73416  23748 491052    0    0     0     0 1668  470  2 12 86  0  0
 0  0 370612  73416  23748 491052    0    0     0     0 1158  439  1  9 90  0  0
 0  0 370612  73416  23748 491052    0    0     0     0 1193  420  1  7 92  0  0
 0  0 370612  73416  23756 491056    0    0     0    16 1917  484  1 18 81  0  0
 0  0 370612  73416  23756 491056    0    0     0     0 1523  451  1 11 88  0  0
 0  0 370612  73416  23756 491060    0    0     0     0 1680  437  1 10 89  0  0
 0  0 370612  73416  23756 491060    0    0     0     0 1353  463  2  6 92  0  0
 0  0 370612  73416  23756 491064    0    0     0     0 1274  453  1 10 89  0  0
 0  0 370612  73416  23756 491068    0    0     0     0 1000  462  1  8 91  0  0
 0  0 370612  73416  23764 491072    0    0     0    12 1651  509  3 14 83  0  0
 0  0 370612  73416  23764 491072    0    0     0     0 1215  376  0  7 93  0  0
 0  0 370612  73416  23764 491072    0    0     0     0 1025  455  1  7 92  0  0
 0  0 370612  73416  23764 491076    0    0     0     0 1717  500  1 12 87  0  0
 0  0 370612  73416  23764 491080    0    0     0    68  937  380  1  8 91  0  0
 0  0 370612  73416  23772 491080    0    0     0    20 1324  390  2  7 91  0  0
 0  0 370612  73416  23772 491084    0    0     0     0 1432  433  1  9 90  0  0
 1  0 370612  73416  23772 491084    0    0     0     0 1522  447  0 11 89  0  0
 0  0 370612  73416  23772 491084    0    0     0     0 1130  402  2  9 89  0  0
 0  0 370612  73416  23772 491088    0    0     0    12 1524  466  1  7 92  0  0
 0  0 370612  73164  23780 491092    0    0     0    12 1391  454  3  9 88  0  0
 0  0 370612  73164  23780 491092    0    0     0     0  854  409  1  7 92  0  0
 0  0 370612  73164  23780 491096    0    0     0     0 1415  407  1  9 90  0  0
 0  0 370612  73164  23780 491096    0    0     0     0 1242  421  1  9 89  0  0
 0  0 370612  73164  23780 491100    0    0     0    28 1270  426  1  8 91  0  0
 0  0 370612  73164  23788 491100    0    0     0    20 1523  481  1 13 85  1  0
 0  0 370612  73164  23788 491104    0    0     0     0 1035  389  1  4 95  0  0
 0  0 370612  73164  23788 491104    0    0     0     0 1295  404  1 10 89  0  0
 0  0 370612  73164  23788 491108    0    0     0     0 1081  416  1  8 91  0  0
 0  0 370612  73164  23788 491108    0    0     0    16 1784  497  2 13 84  0  0
 0  0 370612  73164  23796 491112    0    0     0    20 1387  446  0 12 88  0  0
 0  0 370612  73164  23796 491112    0    0     0     0 1842  481  2 12 86  0  0
 0  0 370612  73164  23796 491116    0    0     0     0 1321  463  0  9 91  0  0
 0  0 370612  73164  23796 491120    0    0     0     0  828  389  2  4 93  0  0
 0  0 370612  73164  23796 491124    0    0     0    12 1396  509  1 11 88  0  0
 0  0 370612  73164  23804 491124    0    0     0    20 1245  453  2  6 91  0  0
 0  0 370612  73164  23804 491128    0    0     0     0 1627  456  1 12 87  0  0
 0  0 370612  73164  23804 491128    0    0     0     0 1530  483  1 11 88  0  0
 0  0 370612  73164  23804 491132    0    0     0     0 1227  402  1  9 90  0  0
 1  0 370612  73164  23804 491132    0    0     0     0  620  345  1  3 96  0  0
 0  0 370612  73164  23812 491136    0    0     0    12 1315  454  1  8 91  0  0
 0  0 370612  73164  23812 491136    0    0     0     0  868  400  0  7 93  0  0
 0  0 370612  73164  23812 491136    0    0     0     0  974  441  1  8 91  0  0
 0  0 370612  73164  23812 491140    0    0     0     0 1468  485  1 12 87  0  0
 0  0 370612  73164  23812 491140    0    0     0    28 1012  394  1  7 92  0  0
 0  0 370612  73164  23820 491144    0    0     0    20 1226  457  3  8 89  0  0
 0  0 370612  73164  23820 491144    0    0     0     0 1474  496  1 12 87  0  0
 1  0 370612  73164  23820 491152    0    0     0     0 1439  445  1 10 89  0  0
 0  0 370612  72924  23820 491152    0    0     0     0  828  413  1  4 95  0  0
 0  0 370612  72924  23820 491172    0    0     0     0 1493  449  1  8 91  0  0
 0  0 370612  72672  23828 491164    0    0     0    12  909  397  1  7 92  0  0
 0  0 370612  72672  23828 491176    0    0     0     0 1274  445  2  8 90  0  0
 0  0 370612  72672  23828 491176    0    0     0     0 1948  501  2 18 80  0  0
 0  0 370612  72672  23828 491176    0    0     0     0 1356  401  1 10 89  0  0
 0  0 370612  72672  23828 491180    0    0     0     0 1403  406  2 11 87  0  0
 0  0 370612  72672  23836 491172    0    0     0    12  826  417  1  9 89  1  0
 1  0 370612  72672  23836 491184    0    0     0     0 1431  393  1  9 90  0  0
 0  0 370612  72672  23836 491188    0    0     0     0 1401  465  2  9 89  0  0
 0  0 370612  72672  23836 491188    0    0     0     0 1099  373  2  7 91  0  0
 0  0 370612  72672  23836 491192    0    0     0     0  905  448  2  4 94  0  0
 0  0 370612  72672  23844 491196    0    0     0    12 1409  495  5  9 85  0  0
 1  0 370612  72672  23844 491196    0    0     0     0 1325  467  1  8 91  0  0
 0  0 370612  72672  23844 491196    0    0     0     0 1272  454  1 10 89  0  0
 0  0 370612  72672  23844 491200    0    0     0     0 1074  369  1  7 91  0  0
 0  0 370612  72672  23844 491200    0    0     0     0 1649  465  1 12 87  0  0
 0  0 370612  72672  23852 491204    0    0     0    12 1113  477  2  5 92  0  0
 0  0 370612  72672  23852 491204    0    0     0     0 1130  416  1  6 93  0  0
 0  0 370612  72672  23852 491208    0    0     0     0 1341  469  2  9 89  0  0
 0  0 370612  72672  23852 491208    0    0     0     0 1326  452  4 11 85  0  0
 0  0 370612  72672  23852 491212    0    0     0     0 1298  412  0  7 93  0  0
 0  0 370612  72672  23860 491204    0    0     0    12 1254  466  2  9 88  0  0
 0  0 370612  72672  23860 491220    0    0     0     0  895  369  1  5 94  0  0
 0  0 370612  72672  23860 491220    0    0     0     0 1203  436  2  7 90  0  0
 0  0 370612  72672  23860 491224    0    0     0     0 1548  490  1 13 86  0  0
 0  0 370612  72672  23860 491224    0    0     0     0  899  346  2  4 94  0  0
 0  0 370612  72672  23868 491216    0    0     0    80 1066  394  1  7 91  0  0
 0  0 370612  72672  23868 491228    0    0     0     0 1745  497  1 12 87  0  0
 0  0 370612  72672  23868 491228    0    0     0     0 1412  438  2 11 87  0  0
 0  0 370612  72672  23868 491232    0    0     0     0  931  380  2 10 88  0  0
 0  0 370612  72672  23868 491232    0    0     0     0 1610  508  2 13 85  0  0
 0  0 370612  72672  23876 491236    0    0     0    20 1560  451  2 13 85  0  0
 0  0 370612  72672  23876 491240    0    0     0     0  947  426  2  4 94  0  0
 0  0 370612  72672  23876 491240    0    0     0     0 1375  457  1  9 90  0  0
 0  0 370612  72672  23876 491244    0    0     0     0  956  403  1  6 93  0  0
 0  0 370612  72672  23876 491244    0    0     0     0  882  380  1  6 93  0  0
 0  0 370612  72672  23884 491248    0    0     0    12 1186  468  2 10 87  1  0
 0  0 370612  72672  23884 491252    0    0     0     0 1221  435  3  7 89  0  0
 0  0 370612  72672  23884 491252    0    0     0     0 1412  417  2 10 88  0  0
 0  0 370612  72672  23884 491252    0    0     0     0 1865  464  2 13 85  0  0
 0  0 370612  72672  23884 491256    0    0     0     0 1437  463  2  7 91  0  0
 0  0 370612  72672  23892 491248    0    0     0    12 1344  431  2  8 90  0  0
 0  0 370612  72672  23892 491260    0    0     0     0 1296  418  2  9 89  0  0
 0  0 370612  72224  23892 491260    0    0     0     0 1243  438  1 11 88  0  0
 0  0 370612  72224  23892 491264    0    0     0     0 1046  426  3 10 87  0  0
 0  0 370612  72224  23892 491264    0    0     0     0 1485  424  2 11 87  0  0
 0  0 370612  72224  23900 491268    0    0     0    12 1319  459  2  8 90  0  0
 0  0 370612  72224  23900 491272    0    0     0     0 1450  456  2 11 87  0  0
 0  0 370612  72224  23900 491272    0    0     0     0 1499  442  1  9 90  0  0
 0  0 370612  72224  23900 491276    0    0     0     0 1451  453  3  9 88  0  0
 0  0 370612  72224  23900 491276    0    0     0     0  878  400  3  5 91  0  0
 0  0 370612  72224  23908 491280    0    0     0    12 1569  499  2 11 87  0  0
 0  0 370612  72224  23908 491280    0    0     0     0  837  393  1  7 92  0  0
 0  0 370612  72224  23908 491284    0    0     0     0  874  426  2  7 91  0  0
 0  0 370612  71972  23908 491284    0    0     0     0 1199  470  3  9 88  0  0
 0  0 370612  71972  23908 491288    0    0     0     0  887  378  1  7 92  0  0
 0  0 370612  71972  23916 491280    0    0     0    12 1123  416  0  5 95  0  0
 0  0 370612  71972  23916 491292    0    0     0    72 1478  484  1  9 90  0  0
 0  0 370612  71972  23916 491292    0    0     0     0 1614  463  1 10 89  0  0
 2  0 370612  71972  23916 491296    0    0     0     0 1086  417  2  8 90  0  0
 1  0 370612  71972  23916 491300    0    0     0     0 1495  457  2 10 88  0  0
 0  0 370612  71972  23924 491292    0    0     0    20 1405  445  2 10 88  0  0
 1  0 370612  71972  23924 491304    0    0     0     8 1177  399  3  6 90  0  0
 0  0 370612  71972  23924 491304    0    0     0     0 1260  474  1  8 91  0  0
 0  0 370612  71972  23924 491308    0    0     0     0  988  385  1  6 93  0  0
 0  0 370612  71972  23924 491308    0    0     0     0  747  429  3 10 87  0  0
 0  0 370612  71972  23932 491312    0    0     0    12  837  410  1  7 92  0  0
 1  0 370612  71972  23932 491312    0    0     0     0 1043  411  2  7 91  0  0
 0  0 370612  71972  23932 491316    0    0     0     0  941  398  3  7 90  0  0
 0  0 370612  71972  23932 491316    0    0     0     0 1380  432  2  8 90  0  0
 0  0 370612  71972  23932 491320    0    0     0     0 1183  403  0  5 95  0  0
 0  0 370612  71972  23940 491316    0    0     0    12 1270  473  5  8 86  0  0
 0  0 370612  71972  23940 491328    0    0     0    36 1484  452  1 13 86  0  0
 0  0 370612  71972  23940 491328    0    0     0     0  963  421  1  5 94  0  0
 1  0 370612  71972  23940 491328    0    0     0     0 1448  404  1 14 85  0  0
 0  0 370612  71972  23940 491332    0    0     0     0 1228  402  1  7 92  0  0
 0  0 370612  71972  23948 491324    0    0     0    20  840  445  1  6 92  1  0
 1  0 370612  71972  23948 491336    0    0     0     0 1183  390  0  7 93  0  0
 0  0 370612  71972  23948 491340    0    0     0     0 2013  478  1 12 87  0  0
 0  0 370612  71972  23948 491340    0    0     0     0 1284  454  1  6 92  0  0
 0  0 370612  71972  23948 491344    0    0     0     0 1135  407  1  7 91  0  0
 0  0 370612  71972  23948 491344    0    0     0     0 1243  423  3  8 88  0  0
 0  0 370612  71972  23956 491348    0    0     0    12 1127  442  1 10 89  0  0
 0  0 370612  71972  23956 491348    0    0     0     0  840  390  2  6 92  0  0
 1  0 370612  71972  23956 491348    0    0     0     0 1686  503  1  9 90  0  0
 0  0 370612  71972  23956 491356    0    0     0     0  801  418  2  7 91  0  0
 0  0 370612  71972  23956 491356    0    0     0     0  910  388  1  6 93  0  0
 0  0 370612  71972  23972 491340    0    0     0    52 1116  534  1  9 89  0  0
 0  0 370612  71972  23972 491360    0    0     0     0  930  410  1  5 94  0  0
 1  0 370612  69960  24404 491756    0    0   816    80 1294  934  2 14 82  2  0
 0  0 370612  69960  24404 491768    0    0     0     0 1674  470  1  9 90  0  0
 0  0 370612  69960  24404 491768    0    0     0     0 1057  433  2  8 89  0  0
 0  0 370612  69960  24404 491772    0    0     0     0 1332  465  2  6 91  0  0
 0  0 370612  69960  24404 491772    0    0     0     0 1037  475  1  9 90  0  0
 0  0 370612  69960  24412 491776    0    0     0    24 1063  382  1  5 92  1  0
 0  0 370612  69960  24412 491780    0    0     0     0  902  414  2  8 90  0  0
 2  0 370612  69960  24412 491784    0    0     0     0 1384  449  1 13 86  0  0
 0  0 370612  69960  24412 491784    0    0     0     0 1343  438  2  8 90  0  0
 0  0 370612  69960  24412 491784    0    0     0     0  994  415  1  9 90  0  0
 0  0 370612  69960  24420 491788    0    0     0    12 1392  452  2 13 85  0  0
 0  0 370612  69960  24420 491792    0    0     0     0 1279  420  1  9 90  0  0
 0  0 370612  69960  24420 491792    0    0     0     0 1663  413  1 10 89  0  0
 0  0 370612  69960  24420 491792    0    0     0     0 1133  411  2 10 88  0  0
 0  0 370612  69960  24420 491796    0    0     0    72 1327  458  2  9 89  0  0
 0  0 370612  69960  24428 491800    0    0     0    20 1320  452  2  9 89  0  0
 0  0 370612  69960  24428 491800    0    0     0     0 1441  448  2 10 88  0  0
 0  0 370612  69960  24428 491800    0    0     0     0 1129  424  0  9 91  0  0
 0  0 370612  69960  24428 491804    0    0     0     0 1075  414  2  4 94  0  0
 0  0 370612  69960  24428 491804    0    0     0    52 1139  468  1  6 92  0  0
 1  0 370612  69960  24436 491812    0    0     0    12 1319  511  1 10 89  0  0
 0  0 370612  69960  24436 491812    0    0     0     0  766  365  2  2 96  0  0
 0  0 370612  69960  24436 491816    0    0     0     0 1690  487  2 13 85  0  0
 0  0 370612  69960  24436 491816    0    0     0     0 1137  475  2  9 89  0  0
 0  0 370612  69960  24436 491816    0    0     0     0 1260  412  1 10 89  0  0
 0  0 370612  69960  24436 491820    0    0     0     0 1016  386  1  9 90  0  0
 0  0 370612  69960  24444 491824    0    0     0    12 1294  461  2  9 89  0  0
 0  0 370612  69960  24444 491824    0    0     0     0 1199  387  1  7 91  0  0
 0  0 370612  69960  24444 491824    0    0     0     0 1302  410  1 11 88  0  0
 0  0 370612  69960  24444 492496    0    0   664     0 1245  440  2 12 85  1  0
 0  0 370612  69960  24444 492496    0    0     0     0  870  326  0  6 94  0  0
 0  0 370612  69960  24452 492500    0    0     0    12 1269  431  2  8 89  0  0
 0  0 370612  69960  24452 492504    0    0     0     0 1066  488  2  8 89  0  0
 0  0 370612  69960  24452 492504    0    0     0     0 1047  427  2  7 91  0  0
 0  0 370356  69204  24452 492968  488    0   948   200 1333 1434 14 16 70  0  0
 0  0 370356  69204  24452 492968    0    0     0     0 1210  981  8  9 84  0  0
 0  0 370356  69204  24460 492956    0    0     0    20  397  751  6  1 91  1  0
 0  0 370356  69204  24460 492956    0    0     0     0  443  739  6  1 93  0  0
 0  0 370356  69204  24460 492956    0    0     0     0  432  700  5  2 93  0  0
 0  0 370356  69204  24460 492956    0    0     0     0  402  669  4  1 95  0  0
 0  0 370356  69204  24460 492956    0    0     0     0  343  630  4  1 95  0  0
 0  0 370356  69204  24460 492956    0    0     0     0  347  567  3  0 97  0  0
 0  0 370356  69204  24460 492956    0    0     0     0  329  543  4  1 95  0  0
 0  0 370356  69204  24460 492956    0    0     0     0  206  383  1  0 99  0  0
 0  0 368052  65676  24472 493916 2240    0  3216    52  761 2331 41  7 43  9  0
 0  0 368052  65676  24472 493924    0    0     0     0  105  154  0  0 100  0  0
 0  0 368052  65676  24472 493924    0    0     0     0   82  151  0  0 100  0  0
 1  0 368052  65676  24472 493924    0    0     0     0   79  138  0  0 100  0  0
 0  0 368052  65676  24472 493924    0    0     0     0   85  136  0  0 100  0  0
 0  0 368052  65676  24472 493924    0    0     0     0   89  142  0  0 100  0  0
 0  0 368052  65676  24480 493916    0    0     0    20   96  160  0  0 99  1  0
 0  0 368052  65676  24480 493924    0    0     0     0   77  133  0  0 100  0  0
 0  0 368052  65676  24480 493924   32    0    32     0   93  313  3  1 96  0  0
 0  0 368052  65676  24480 493924    0    0     0     0   78  133  0  0 100  0  0
 0  0 368052  65676  24480 493924    0    0     0     0   97  157  0  0 100  0  0
 0  0 368052  65676  24480 493924    0    0     0     0   78  131  1  0 99  0  0
 0  0 368052  65676  24480 493924    0    0     0     0   71  134  0  0 100  0  0
 0  0 368052  65676  24480 493924    0    0     0     0   70  122  0  0 100  0  0
 1  0 368052  65676  24480 493924    0    0     0     0   82  150  0  0 100  0  0
 0  0 368052  65676  24480 493924    0    0     0     0   93  142  0  0 100  0  0
 0  0 368052  65676  24480 493924    0    0     0     0   79  138  0  0 100  0  0
 0  0 368052  65676  24480 493924    0    0     0     0   77  131  0  0 100  0  0
 0  0 368052  65676  24480 493924    0    0     0     0   76  147  0  0 100  0  0
 0  0 368052  65676  24480 493924    0    0     0     0   81  127  0  0 100  0  0
 0  0 368052  65676  24480 493924    0    0     0     0   80  145  0  0 100  0  0
 1  0 366520  68716  23972 482284 5772 1572  8996  1572 1409 3733 43 13 39  5  0
 1  0 366264  68716  23972 482320   28    0    56     0  149  366  2  0 98  0  0
 3  0 367040  71872  24248 469884  392  984  4828  1128  626 1751 44 11 41  3  0
 4  0 363464  72816  24232 440628 10296 2404 16146  3056 2131 8407 72 28  0  0  0
 0  1 345544  60008  24232 441588 20840    0 21812     0 1867 7107 74 17  0  9  0
 0  1 322504  69068  23452 409960 25480 1080 25480  1080 1619 2645 17 14  0 70  0
 0  0 317896  59688  23332 398496 5168    0  5336     0  813 2381 62  5 19 13  0
 0  0 317896  59688  23332 398496    4    0     4     0  166  387  3  2 94  1  0
0  0 317640  73948  23480 400708  123  359  2588   798  843  948 10  8 80  1  0
 0  0 317640  73948  23480 400708    0    0     0     0  133  424  1  0 99  0  0
 0  0 317640  73948  23480 400708    0    0     0     0  140  290  1  0 99  0  0
 0  0 317640  73948  23480 400708    0    0     0     0  105  214  1  1 98  0  0
 0  0 317640  73948  23480 400708    0    0     0     0  261  239  0  0 100  0  0
 0  0 317640  73948  23480 400712    0    0     0     0 1296  437  0  9 91  0  0
 1  0 317640  73948  23480 400712    0    0     0     0 1181  400  1  8 91  0  0
 0  0 317640  73948  23480 400716    0    0     0     0 1102  413  1  9 90  0  0
 0  0 317640  73948  23480 400716    0    0     0     0 1227  406  0 10 90  0  0
 0  0 317640  73948  23488 400720    0    0     0    28 1385  444  0 12 88  0  0
 0  0 317640  73948  23488 400720    0    0     0     0 1426  399  2 10 88  0  0
 0  0 317640  73948  23488 400724    0    0     0     0 1349  390  1  9 90  0  0
 0  0 317640  73948  23488 400724    0    0     0     0 1266  406  0  7 93  0  0
 0  0 317640  73948  23488 400728    0    0     0     0 1537  430  1 12 87  0  0
 1  0 317640  73948  23496 400720    0    0     0    36 1259  405  0 10 90  0  0
 2  0 317640  73724  23496 400732    0    0     0     0 1536  430  1 11 88  0  0
 0  0 317640  73724  23496 400732    0    0     0     0 1782  408  2  8 90  0  0
 0  0 317640  73724  23496 400736    0    0     0     0 1141  373  1 10 89  0  0
 0  0 317640  73724  23496 400740    0    0     0     0 1196  370  2  8 90  0  0
 0  0 317640  73724  23504 400732    0    0     0    20 1313  429  1 10 89  0  0
 0  0 317640  73724  23504 400744    0    0     0     0 1280  418  0  9 91  0  0
 0  0 317640  73724  23504 400744    0    0     0     0 1309  431  2 11 87  0  0
 0  0 317640  73724  23504 400748    0    0     0     0 1093  440  0  7 93  0  0
 0  0 317640  73724  23504 400752    0    0     0     0 1393  387  1 11 88  0  0
 0  0 317640  73724  23512 400752    0    0     0    12 1226  368  1  7 91  1  0
 0  0 317640  73724  23512 400756    4    0     4    28 1753  420  3 11 86  0  0
 0  0 317640  73724  23512 400760    0    0     0     0 1863  413  0 11 89  0  0
 1  0 317640  73724  23512 400760    0    0     0     0 1685  425  1 11 88  0  0
 0  0 317640  73724  23512 400760    0    0     0     0  741  330  1  6 93  0  0
 0  0 317640  73724  23520 400764    0    0     0    20 1679  417  0 15 85  0  0
 0  0 317640  73724  23520 400768    0    0     0     0 1541  429  2  9 89  0  0
 0  0 317640  73724  23520 400768    0    0     0     0 1297  374  4  9 87  0  0
 0  0 317640  73500  23520 400772    0    0     0     0 1528  460  2 10 88  0  0
 1  0 317640  73500  23520 400772    0    0     0     0 1023  447  3  8 89  0  0
 0  0 317640  73500  23528 400776    0    0     0    12 1333  420  2  7 91  0  0
 0  0 317640  73500  23528 400776    0    0     0     0 1225  462  1 12 87  0  0
 0  0 317640  73500  23528 400780    0    0     0     0  992  405  2  9 89  0  0
 0  0 317640  73500  23528 400780    0    0     0     0 1545  430  1 12 87  0  0
 1  0 317640  73500  23528 400784    0    0     0     0 1381  485  1 10 89  0  0
 0  0 317640  73500  23536 400780    0    0     0    12 1138  403  1  7 92  0  0
 1  0 317640  73500  23536 400792    0    0     0     0 1101  398  2 10 88  0  0
 0  0 317640  73500  23536 400792    0    0     0     0 1458  455  3 13 84  0  0
 0  0 317640  73500  23536 400792    0    0     0     0 1172  404  1  9 90  0  0
 0  0 317640  73500  23536 400796    0    0     0     0 1589  496  3 11 86  0  0
 0  0 317640  73500  23544 400792    0    0     0    12  987  474  3  6 89  1  0
 0  0 317640  73500  23544 400800    0    0     0     0 1031  437  2  5 92  0  0
 0  0 317640  73248  23544 400804    0    0     0     0 1208  527  4  9 87  0  0
 2  0 317640  73248  23544 400808    0    0     0     0 1070  399  2  6 91  0  0
 1  0 317640  73248  23544 400808    0    0     0     0 1441  446  2 13 85  0  0
 0  0 317640  73248  23552 400800    0    0     0    12 1576  503  2 11 87  0  0
 0  0 317640  73248  23552 400812    0    0     0     0 1375  456  1 11 88  0  0
 0  0 317640  73248  23552 400812    0    0     0     0  744  445  2  4 94  0  0
 0  0 317640  73248  23552 400816    0    0     0     0 1102  443  4 10 85  0  0
 0  0 317640  73248  23552 400820    0    0     0     0 1079  394  2  7 91  0  0
 0  0 317640  72996  23560 400824    0    0     0    12 1683  432  2  8 90  0  0
 0  0 317640  72996  23560 400824    0    0     0    72 1832  477  2 10 88  0  0
 0  0 317640  72996  23560 400828    0    0     0     0 1255  395  4 12 84  0  0
 0  0 317640  72996  23560 400828    0    0     0     0 1191  460  2 11 87  0  0
 0  0 317640  72996  23560 400828    0    0     0     0 1288  370  1  7 92  0  0
 0  0 317640  72996  23568 400832    0    0     0    20 1747  442  4 10 86  0  0
 0  0 317640  72996  23568 400832    0    0     0     8 1502  414  3 10 87  0  0
 0  0 317640  72996  23568 400836    0    0     0     0 1424  429  3  9 88  0  0
 0  0 317640  72996  23568 400840    0    0     0     0 1285  398  3 10 87  0  0
 0  0 317640  72996  23568 400844    0    0     0     0 1870  484  2 15 82  0  0
 0  0 317640  72996  23568 400844    0    0     0     0 1270  357  2  9 88  0  0
 0  0 317640  72996  23576 400848    0    0     0    12 1115  423  2 10 88  0  0
 0  0 317640  72996  23576 400848    0    0     0     0 1675  453  2  8 90  0  0
 0  0 317640  72996  23576 400852    0    0     0     0 1306  414  3 10 87  0  0
 0  0 317640  72996  23576 400852    0    0     0     0 1264  432  3 12 85  0  0
 0  0 317640  72744  23576 400852    0    0     0     0 1202  431  3  9 88  0  0
 0  0 317640  72744  23584 400856    0    0     0    12 1376  382  2 11 87  0  0
 0  0 317640  72744  23584 400856    0    0     0     0  915  431  1  6 93  0  0
 0  0 317640  72744  23584 400860    0    0     0     0 1796  520  3  9 87  0  0
 0  0 317640  72744  23584 400864    0    0     0     0 1105  417  2  4 93  0  0
 0  0 317640  72744  23584 400864    0    0     0     0 1170  444  3  7 90  0  0
 0  0 317640  72744  23592 400868    0    0     0    12 1936  501  3 13 84  0  0
 0  0 317640  72744  23592 400868    0    0     0     0 1003  373  2  8 90  0  0
 0  0 317640  72744  23592 400872    0    0     0     0 1310  460  3 11 86  0  0
 0  0 317640  72744  23592 400876    0    0     0     0 1689  471  2  7 91  0  0
 0  0 317640  72744  23592 400876    0    0     0     0 1470  470  1 11 88  0  0
 0  0 317640  72744  23600 400880    0    0     0    12  785  421  1  6 93  0  0
 0  0 317640  72744  23600 400880    0    0     0     0 1421  494  2 13 85  0  0
 0  0 317640  72744  23600 400880    0    0     0     0 1592  457  1 13 86  0  0
 0  0 317640  72744  23600 400884    0    0     0     0 1075  406  2  8 89  0  0
 0  0 317640  72744  23600 400888    0    0     0     0 1282  452  2  8 90  0  0
 0  0 317640  72744  23608 400888    0    0     0    12  977  467  3  7 89  1  0
 0  0 317640  72744  23608 400892    0    0     0    72 1501  453  4 12 84  0  0
 0  0 317640  72744  23608 400892    0    0     0     0 1198  418  2 12 86  0  0
 1  0 317640  72744  23608 400896    0    0     0     0  881  423  1  6 93  0  0
 0  0 317640  72744  23608 400896    0    0     0     0 1025  423  2  9 88  0  0
 0  0 317640  72744  23616 400900    0    0     0    20  983  489  2  9 89  0  0
 0  0 317640  72744  23616 400900    0    0     0     0 1624  423  2  8 90  0  0
 0  0 317640  72744  23616 400904    0    0     0     0 1596  449  1 13 86  0  0
 0  0 317640  72744  23616 400904    0    0     0     0 1192  455  3 10 86  0  0
 0  0 317640  72744  23616 400908    8    0     8     0 1508  412  1 11 88  0  0
 0  0 317640  72492  23624 400912    0    0     0    12 1266  459  6  7 86  0  0
 0  0 317640  72492  23624 400912    0    0     0     0 1628  514  1 14 85  0  0
 0  0 317640  72492  23624 400916    0    0     0     0 1563  421  1 11 88  0  0
 1  0 317640  72252  23624 400932    0    0     0     0  899  429  4  6 89  0  0
 0  0 317640  72252  23624 400936    0    0     0     0 1321  483  2  8 90  0  0
 0  0 317640  72252  23632 400928    0    0     0    12 1261  424  1 12 87  0  0
 0  0 317640  72252  23632 400940    0    0     0     0  779  473  1  7 92  0  0
 0  0 317640  72252  23632 400940    0    0     0     0 1953  499  2 13 85  0  0
 0  0 317640  72252  23632 400944    0    0     0     0 1295  437  1 13 86  0  0
 1  0 317640  72252  23632 400944    0    0     0     0 1290  462  2 11 87  0  0
 0  0 317640  72252  23640 400948    0    0     0    12 1300  491  1 11 86  1  0
 0  0 317640  72252  23640 400948    0    0     0     0 1171  446  6  9 84  0  0
 0  0 317640  72252  23640 400952    0    0     0     8  973  481  3  7 89  0  0
 1  0 317640  72252  23640 400952    0    0     0     0 1485  471  2  8 90  0  0
 1  0 317640  72252  23640 400956    0    0     0     0 1419  405  3 13 84  0  0
 0  0 317640  72252  23648 400948    0    0     0    12 1171  399  3  8 89  0  0
 0  0 317640  72252  23648 400960    0    0     0     0 1586  491  3 15 82  0  0
 0  0 317640  72252  23648 400964    0    0     0     0  738  414  2  4 94  0  0
 0  0 317640  72252  23648 400964    0    0     0     0 1614  437  3 14 83  0  0
 0  0 317640  72252  23648 400968    0    0     0     0 1768  495  3 14 83  0  0
 0  0 317640  72252  23656 400960    0    0     0    12  833  457  2  4 94  0  0
 0  0 317640  72000  23656 400972    0    0     0     0 1180  404  4 12 84  0  0
 0  0 317640  72000  23656 400972    0    0     0    68  947  426  2  7 91  0  0
 0  0 317640  72000  23656 400976    0    0     0     0 1427  454  3 11 86  0  0
 0  0 317640  72000  23656 400976    0    0     0     0  988  394  2  8 90  0  0
 0  0 317640  72000  23664 400980    0    0     0    20 1145  445  3  7 89  0  0
 0  0 317640  72000  23664 400980    0    0     0     0 1162  410  2  9 89  0  0
 0  0 317640  72000  23664 400984    0    0     0     0  781  363  2  6 92  0  0
 0  0 317640  72000  23664 400988    0    0     0     0  895  461  4  6 89  0  0
 0  0 317640  72000  23664 400988    0    0     0     0 1497  480  2 18 80  0  0
 0  0 317640  72000  23672 400984    0    0     0    12  613  384  1  4 95  0  0
 0  0 317640  72000  23672 400996    0    0     0     0 1048  463  3  8 89  0  0
 1  0 317640  72000  23672 400996    0    0     0     0 1055  425  2  8 90  0  0
 0  0 317640  72000  23672 400996    0    0     0     0 1248  417  4 10 86  0  0
 0  0 317640  72000  23672 401000    0    0     0     0 1229  492  3  9 88  0  0
 1  0 317640  72000  23680 400992    0    0     0    12  854  423  1  6 93  0  0
 0  0 317640  72000  23680 401004    0    0     0     0 1211  398  3  7 90  0  0
 0  0 317640  72000  23680 401004    0    0     0    40 1739  480  1 15 84  0  0
 0  0 317640  72000  23680 401008    0    0     0     0  927  408  1  8 91  0  0
 0  0 317640  72000  23680 401008    0    0     0     0  839  416  2  7 91  0  0
 2  0 317640  72000  23688 401012    0    0     0    20 1311  484  3 11 86  0  0
 0  0 317640  72000  23688 401016    0    0     0     0 1511  529  4 13 83  0  0
 0  0 317640  72000  23688 401016    0    0     0     0  934  442  3  7 89  0  0
 0  0 317640  72000  23688 401020    0    0     0     0 1342  504  3  9 88  0  0
 0  0 317640  72000  23688 401020    0    0     0     0  903  464  2  7 91  0  0
 0  0 317640  72000  23696 401024    0    0     0    12  949  412  2  6 92  0  0
 0  0 317640  72000  23696 401024    0    0     0     0  818  404  2  5 93  0  0
 1  0 317640  72000  23696 401028    0    0     0     0 1044  419  4 11 85  0  0
 0  0 317640  72000  23696 401028    0    0     0     0  642  390  4  6 90  0  0
 0  0 317640  72000  23696 401032    0    0     0     0  646  426  2  4 94  0  0
 0  0 317640  72000  23704 401024    0    0     0    12  887  472  2  7 90  1  0
 1  0 317640  72000  23704 401036    0    0     0     0 1191  424  2 10 88  0  0
 0  0 317640  71748  23704 401036    0    0     0     0 1721  517  2 13 85  0  0
 0  0 317640  71748  23704 401040    0    0     0     0 1100  492  3  9 87  0  0
 0  0 317640  71748  23704 401044    0    0     0     0 1291  425  2  9 89  0  0
 1  0 317640  71748  23712 401036    0    0     0    12 1645  550  4 12 84  0  0
 0  0 317640  71748  23712 401048    0    0     0     0 1528  528  4 13 83  0  0
 0  0 317640  71748  23712 401048    0    0     0     0 1411  392  2  8 90  0  0
 0  0 317640  71748  23712 401052    0    0     0     0 1159  464  2 11 87  0  0
 0  0 317640  71748  23712 401052    4    0     4     0 1281  456  3  9 88  0  0
 0  0 317640  71748  23720 401056    0    0     0    12  882  445  0  8 92  0  0
 4  0 317640  71748  23720 401056    0    0     0     0 1418  508  2  9 89  0  0
 0  0 317640  71748  23720 401060    0    0     0     0 1136  432  1  9 90  0  0
 0  0 317640  71748  23720 401060    0    0     0     0 1653  428  3 12 85  0  0
 0  0 317640  71748  23720 401064    0    0     0     0 1630  540  1 15 84  0  0
 0  0 317640  71748  23728 401060    0    0     0    12 1133  419  3  7 90  0  0
 1  0 317640  71748  23728 401068    0    0     0     0  892  449  4  8 88  0  0
 0  0 317640  71748  23728 401072    0    0     0     0 1617  501  3 12 85  0  0
 0  0 317640  71748  23728 401076    0    0     0    68 1249  401  3  7 90  0  0
 0  0 317640  71748  23728 401076    0    0     0     0 1252  442  2 11 87  0  0
 2  0 317640  71748  23736 401068    0    0     0    20 1403  545  2 10 88  0  0
 0  0 317640  71748  23736 401080    0    0     0     0  915  459  6  7 86  0  0
 0  0 317640  71748  23736 401080    0    0     0     0 1035  446  2 10 88  0  0
 1  0 317640  71748  23736 401084    0    0     0     8 1467  477  4 10 86  0  0
 0  0 317640  71748  23736 401084    0    0     0     0 1238  416  1 13 86  0  0
 0  0 317640  71748  23744 401088    0    0     0    12 1516  470  3 13 84  0  0
 0  0 317640  71748  23744 401088    0    0     0     0 1353  497  2 11 87  0  0
 1  0 317640  71748  23744 401092    0    0     0     0  774  433  3  5 92  0  0
 0  0 317640  71748  23744 401096    0    0     0     0 1017  424  1  9 90  0  0
 2  0 317640  71748  23744 401100    0    0     0     0 1541  505  3 15 81  0  0
 0  0 317640  71748  23752 401092    0    0     0    12 1052  437  5  8 86  0  0
 0  0 317640  71748  23752 401104    0    0     0     0 1341  435  5 10 85  0  0
 0  0 317640  71748  23752 401104    0    0     0     0  993  464  1  6 92  0  0
 0  0 317640  71748  23752 401104    0    0     0     0 1377  422  2 10 88  0  0
 0  0 317640  71748  23752 401108    0    0     0     0 1085  397  2  8 90  0  0
 0  0 317640  71748  23760 401100    0    0     0    12 1347  490  1 12 87  0  0
 0  0 317640  71748  23760 401112    0    0     0     0 1080  440  1  7 92  0  0
 0  0 317640  71748  23760 401112    0    0     0     0 1305  388  3  5 91  0  0
 0  0 317640  71748  23760 401116    0    0     0     0 1665  512  1 16 83  0  0
 0  0 317640  71748  23760 401120    0    0     0     0 1470  407  4 10 86  0  0
 0  0 317640  71748  23768 401120    0    0     0    40  789  394  1  6 92  1  0
 1  0 317640  71748  23768 401124    0    0     0     0 1920  524  3 16 81  0  0
 0  0 317640  71748  23768 401132    0    0     0     0 1123  494  2 12 86  0  0
 0  0 317640  71748  23768 401132    0    0     0     0  989  422  4  8 88  0  0
 0  0 317640  71748  23768 401136    0    0     0     0 1179  515  1 10 89  0  0
 0  0 317640  71748  23776 401136    0    0     0    52 1080  459  2 10 88  0  0
 1  0 317640  71496  23776 401140    0    0     0     0 1007  438  3  7 89  0  0
 0  0 317640  71496  23776 401140    0    0     0     0 1682  543  2 14 83  0  0
 0  0 317640  71496  23776 401140    0    0     0    72  999  399  1  8 91  0  0
 0  0 317640  71496  23776 401144    0    0     0     0  719  433  0  6 94  0  0
 0  0 317640  71496  23784 401136    0    0     0    20 1506  550  3 12 85  0  0
 0  0 317640  71496  23784 401148    0    0     0     0  952  408  1  8 91  0  0
 1  0 317640  71496  23784 401148    0    0     0     0  749  410  2  5 93  0  0
 0  0 317640  71496  23792 401156    0    0     0    20 1266  540  2 11 87  0  0
 0  0 317640  71496  23792 401156    0    0     0     0 1045  434  2  7 90  0  0
 1  0 317640  71496  23792 401156    0    0     0     0  955  443  1  9 90  0  0
 0  0 317640  71496  23792 401160    0    0     0     0 1267  465  2 12 86  0  0
 0  0 317640  71496  23792 401164    0    0     0     0 1109  387  1  9 90  0  0
 0  0 317640  71496  23800 401156    0    0     0    12 1064  445  1  7 91  0  0
 1  0 317640  71496  23800 401168    0    0     0     0  986  404  2  6 91  0  0
 0  0 317640  71496  23800 401168    0    0     0     0 1241  363  2  5 92  0  0
 0  0 317640  71496  23800 401168    0    0     0     0 1206  496  2  8 90  0  0
 0  0 317640  71496  23800 401172    0    0     0     0 1484  502  6 12 82  0  0
 0  0 317640  71496  23808 401164    0    0     0    12  992  417  2  8 89  1  0
 0  0 317640  71496  23808 401176    0    0     0    92  810  388  1  4 95  0  0
 0  0 317640  71496  23808 401180    0    0     0     0 1107  408  3  7 90  0  0
 0  0 317640  71496  23808 401184    0    0     0     0 1296  455  2 10 88  0  0
 0  0 317640  71496  23808 401184    0    0     0     0  986  407  2  4 93  0  0
 0  0 317640  71496  23816 401176    0    0     0    32 1213  498  2  9 89  0  0
 0  0 317640  71496  23816 401188    0    0     0     0  958  431  2  7 90  0  0
 0  0 317640  71496  23816 401188    0    0     0     0  874  369  0  7 93  0  0
 0  0 317640  71496  23816 401192    0    0     0     0 1424  443  2 11 87  0  0
 0  0 317640  71496  23816 401192    0    0     0     0 1100  402  2  7 90  0  0
 0  0 317640  71496  23824 401196    0    0     0    12 1577  408  1  9 90  0  0
 0  0 317640  71496  23824 401196    0    0     0     0 1763  540  3 13 83  0  0
 0  0 317640  71496  23824 401200    0    0     0     0 1626  469  2 12 86  0  0
 1  0 317640  71496  23824 401200    0    0     0     0 1284  398  2  6 92  0  0
 0  0 317640  71496  23824 401208    0    0     0     0 1769  553  2 17 81  0  0
 0  0 317640  71496  23832 401200    0    0     0    12 1078  439  1  6 92  0  0
 0  0 317640  71496  23832 401208    0    0     0     0  975  405  1  5 94  0  0
 0  0 317640  71496  23832 401212    0    0     0     0 1553  564  4 12 84  0  0
 0  0 317640  71496  23832 401216    0    0     0     0  973  458  5  7 87  0  0
 0  0 317640  71496  23832 401216    0    0     0     0 1086  350  2  7 91  0  0
 0  0 317640  71496  23840 401208    0    0     0    12 1555  506  3 16 81  0  0
 0  0 317640  71496  23840 401220    0    0     0     0  898  409  2  8 90  0  0
 0  0 317640  71496  23840 401220    0    0     0     0 1274  377  1  9 90  0  0
 0  0 317640  71496  23840 401224    0    0     0     0 1670  550  3 12 84  0  0
 0  0 317640  71496  23840 401224    0    0     0     0 1108  418  2  5 92  0  0
 4  0 317640  71496  23848 401228    0    0     0    12  625  389  2  5 93  0  0
 0  0 317640  71496  23848 401228    0    0     0     0 1722  479  2 13 85  0  0
 0  0 317640  71496  23848 401236    0    0     0     0 1302  415  1  8 91  0  0
 1  0 317640  71496  23848 401236    0    0     0     0  941  424  2  7 91  0  0
 0  0 317640  71496  23848 401240    0    0     0     0 1807  465  3 16 80  0  0
 0  0 317640  71496  23856 401232    0    0     0    12 1174  416  2  8 90  0  0
 0  0 317640  71496  23856 401244    0    0     0    72 1379  446  2  8 90  0  0
 0  0 317640  71496  23856 401244    0    0     0     0 1583  475  3 12 85  0  0
 0  0 317640  71496  23856 401244    0    0     0     0 1790  436  1  9 90  0  0
 0  0 317640  71496  23856 401248    0    0     0     0 1149  403  2  7 90  0  0
 0  0 317640  71496  23864 401240    0    0     0    20 1736  445  2 13 85  0  0
 0  0 317640  71496  23864 401252    0    0     0     0 1487  435  2 11 87  0  0
 1  0 317640  71496  23864 401252    0    0     0    20  844  385  2  6 92  0  0
 0  0 317640  71244  23864 401260    0    0     0     0 1340  431  2 12 86  0  0
 0  0 317640  71244  23864 401260    0    0     0     0  595  384  2  3 95  0  0
 1  0 317640  71244  23872 401252    0    0     0    12 1266  390  2  7 81 10  0
 0  0 317640  71244  23872 401264    0    0     0     0 1590  490  4 12 84  0  0
 0  0 317640  71244  23872 401264    0    0     0     0 1597  456  2 11 87  0  0
 1  0 317640  71244  23872 401268    0    0     0     0  720  386  2  4 94  0  0
 0  0 317640  71244  23872 401268    0    0     0     0 1698  467  2 15 83  0  0
 0  0 317640  71244  23880 401272    0    0     0    12 1008  419  2  7 90  0  0
 0  0 317640  71244  23880 401272    0    0     0     0  933  390  2  6 92  0  0
 0  0 317640  71244  23880 401276    0    0     0     0 1657  506  4  8 88  0  0
 0  0 317640  71244  23880 401276    0    0     0     0 1122  433  1  9 88  1  0
 0  0 317640  71244  23880 401280    0    0     0     0 1224  388  2 11 87  0  0
 0  0 317640  71244  23888 401272    0    0     0    12 1421  517  2  8 90  0  0
 0  0 317640  71244  23888 401288    0    0     0     0  883  392  2  5 93  0  0
 0  0 317640  71244  23888 401288    0    0     0     0 1633  428  0 14 86  0  0
 0  0 317640  71244  23888 401292    0    0     0     0 1253  483  3  6 90  0  0
 0  0 317640  71244  23888 401292    0    0     0     0 1147  413  1 11 88  0  0
 0  0 317640  71244  23896 401284    0    0     0    12 1188  410  2  9 89  0  0
 0  0 317640  71244  23896 401296    0    0     0     0 1360  460  2 12 86  0  0
 0  0 317640  71244  23896 401296    0    0     0     0  838  378  1  7 92  0  0
 1  0 317640  71244  23896 401300    0    0     0     0  959  425  2  6 91  0  0
 0  0 317640  71244  23896 401300    0    0     0     0 1626  477  1 16 83  0  0
 0  0 317640  71244  23896 401304    0    0     0     0  799  394  1  8 91  0  0
 0  0 317640  71244  23904 401296    0    0     0    12 1139  454  2  7 91  0  0
 0  0 317640  71244  23904 401312    0    0     0    68 1578  483  2 14 84  0  0
 0  0 317640  71244  23904 401312    0    0     0     0  930  423  0  5 95  0  0
 0  0 317640  71244  23904 401312    0    0     0     0 1027  429  2  3 95  0  0
 0  0 317640  71244  23904 401316    0    0     0     0 1693  462  2 13 85  0  0
 0  0 317640  71244  23912 401308    0    0     0    20 1548  438  2 10 88  0  0
 0  0 317640  71244  23912 401320    0    0     0     0 1408  468  2  8 90  0  0
 0  0 317640  71244  23912 401320    0    0     0     0 1306  491  3  9 88  0  0
 0  0 317640  71244  23912 401324    0    0     0     0 1375  475  3  8 89  0  0
 0  0 317640  71244  23912 401324    0    0     0     0 1351  411  0  6 94  0  0
 0  0 317640  71244  23920 401328    0    0     0    12 1632  507  3 15 82  0  0
 0  0 317640  71244  23920 401328    0    0     0    28  774  448  1  5 94  0  0
 0  0 317640  71244  23920 401332    0    0     0     0 1558  427  3  7 90  0  0
 1  0 317640  71244  23920 401332    0    0     0     0 1344  477  3 13 84  0  0
 0  0 317640  71244  23920 401340    0    0     0     0 1168  456  3  8 89  0  0
 3  0 317640  71244  23928 401332    0    0     0    20 1065  414  1  4 95  0  0
 0  0 317640  71244  23928 401344    0    0     0     0 1229  516  4 10 85  0  0
 0  0 317640  71244  23928 401344    0    0     0     0 1048  546  5  6 88  0  0
 1  0 317640  71244  23928 401348    0    0     0     0 1202  417  1  8 91  0  0
 0  0 317640  71244  23928 401348    0    0     0     0 1570  482  2 12 86  0  0
 0  0 317640  71244  23936 401340    0    0     0    12 1369  437  2 10 88  0  0
 0  0 317640  71244  23936 401352    0    0     0     0 1056  438  2  9 89  0  0
 0  0 317640  71244  23936 401352    0    0     0     0 1570  494  3 11 86  0  0
 0  0 317640  71244  23936 401356    0    0     0     0 1485  408  3  9 88  0  0
 0  0 317640  71244  23936 401356    0    0     0     0 1008  399  1  5 94  0  0
 0  0 317640  71244  23944 401360    0    0     0    12 1450  473  3 13 83  1  0
 0  0 317640  71244  23944 401360    0    0     0     0 1165  393  2  6 91  0  0
 1  0 317640  70992  23944 401364    0    0     0     0 1059  402  3 10 87  0  0
 0  0 317640  70992  23944 401368    0    0     0     0 1368  429  2  7 91  0  0
 0  0 317640  70992  23944 401368    0    0     0     0 1220  433  1  9 90  0  0
 0  0 317640  70992  23952 401372    0    0     0    12 1518  451  1 13 86  0  0
 0  0 317640  70992  23952 401372    0    0     0     0 1397  416  3  9 88  0  0
 0  0 317640  70992  23952 401376    0    0     0     0 1347  472  1 10 89  0  0
 2  0 317640  70992  23952 401376    0    0     0     0 1740 1230 10 17 73  0  0
 0  0 317640  70992  23952 401380   80    0    80     0 1588 1767 15 13 71  0  0
 0  0 317640  70992  23960 401372    0    0     0    12  879  550  1  6 93  0  0
 3  0 320480  66652  23196 375612   96  280  2010   621  897  840  9  8 82  1  0
 1  0 320480  66652  23196 375612    0    0     0     0  210  800  1  1 98  0  0
 0  0 320480  66652  23196 375612    0    0     0     0  114  257  1  0 99  0  0
 0  0 320480  66652  23196 375612    0    0     0     0  106  216  0  0 100  0  0
 0  0 320480  66652  23196 375612    4    0     4     0  100  194  1  1 98  0  0
 0  0 320480  65980  23196 375612    0    0     0     0 1164  405  0  5 95  0  0
 0  0 320480  65980  23196 375616    0    0     0     0 1015  382  2  4 94  0  0
 0  0 320480  65980  23196 375616    4    0     4     0 1464  458  0 10 90  0  0
 0  0 320480  65756  23196 375620    0    0     0     0 1766  425  2  8 90  0  0
 0  0 320480  65756  23196 375620    0    0     0     0 1615  451  0 13 87  0  0
 0  0 320480  65756  23204 375624    0    0     0    12 1123  422  4  6 89  0  0
 0  0 320480  65756  23204 375628    0    0     0     0 1789  419  1 11 88  0  0
 0  0 320480  65756  23204 375628    0    0     0     0  948  349  0  6 94  0  0
 1  0 320480  65756  23204 375632    0    0     0     0 1649  447  1 10 89  0  0
 0  0 320480  65756  23204 375632    0    0     0     0 1266  398  0  8 92  0  0
 3  0 320480  65756  23212 375636    0    0     0    12 1014  449  2  4 93  1  0
 0  0 320480  65756  23212 375636    0    0     0     0 1413  437  2  9 89  0  0
 3  0 320480  65756  23212 375640    0    0     0     0 1418  424  1 11 88  0  0
 0  0 320480  65756  23212 375640    0    0     0     0 1465  403  1 11 88  0  0
 1  0 320480  65756  23212 375644    0    0     0     0 1155  466  0  9 91  0  0
 0  0 320480  65756  23220 375648    0    0     0    12 1118  385  1  6 93  0  0
 0  0 320480  65756  23220 375648    0    0     0     0 1276  427  1  8 91  0  0
 0  0 320480  65756  23220 375652    0    0     0     0 1184  423  0  8 92  0  0
 0  0 320480  65756  23220 375652    0    0     0     0 1206  384  2  7 91  0  0
 1  0 320480  65756  23220 375656    0    0     0     0 1386  437  1 10 89  0  0
 3  0 320480  65756  23228 375656    0    0     0    12 1508  446  6 12 82  0  0
 1  0 320480  65756  23228 375660    0    0     0     0 1187  434  1 11 88  0  0
 0  0 320480  65756  23228 375664    0    0     0     0 1502  447  0 12 88  0  0
 0  0 320480  65756  23228 375664    0    0     0     0  986  359  0  8 92  0  0
 0  0 320480  65756  23228 375668    0    0     0     0 1160  367  1  4 95  0  0
 0  0 320480  65756  23236 375668    0    0     0    12 1415  519  2 12 86  0  0
 0  0 320480  65756  23236 375672    0    0     0     0  997  393  2  7 90  0  0
 0  0 320480  65756  23236 375676    0    0     0     0 1483  416  2  9 89  0  0
 0  0 320480  65756  23236 375676    0    0     0     0  684  360  3  5 92  0  0
 0  0 320480  65756  23236 375680    0    0     0     0 1855  470  4 11 85  0  0
 0  0 320480  65756  23252 375688    0    0     4    84 1569  480  4 11 83  1  0
 0  0 320480  65756  23252 375692    0    0     0     0 1270  415  2  8 90  0  0
 1  0 320480  65756  23252 375692    0    0     0     0 1451  461  1 11 88  0  0
 0  0 320480  65756  23252 375696    0    0     0     0 1322  427  3 11 86  0  0
 0  0 320480  65756  23252 375700    0    0     0     0 1501  449  1 10 89  0  0
 0  0 320480  65756  23264 375700    0    0     0    32  669  387  3  5 92  0  0
 1  0 320480  65756  23264 375704    0    0     0     0 1211  489  2 11 87  0  0
 0  0 320480  65756  23264 375704    0    0     0     0 1572  458  3 10 87  0  0
 0  0 320480  65756  23264 375708    0    0     0     0 1049  393  1  9 90  0  0
 0  0 320480  65756  23264 375708    0    0     0     0 1327  438  5  9 86  0  0
 0  0 320480  65532  23272 375712    0    0     0    12 1599  461  3  9 88  0  0
 0  0 320480  65308  23272 375716    0    0     0     0 1512  496  2 14 84  0  0
 0  0 320480  65308  23272 375716    0    0     0     0 1061  391  1  7 92  0  0
 0  0 320480  65308  23272 375720    0    0     0     0 1568  410  2 14 84  0  0
 0  0 320480  65308  23272 375720    0    0     0     0 1078  460  3  7 89  0  0
 0  0 320480  65308  23280 375724    0    0     0    60 1440  420  2 10 88  0  0
 0  0 320480  65308  23280 375724    0    0     0     0 1057  402  2  6 92  0  0
 1  0 320480  65308  23280 375728    0    0     0     0 1243  444  3 12 85  0  0
 0  0 320480  65308  23280 375732    0    0     0     0 1124  392  2  9 89  0  0
 0  0 320480  65308  23280 375732    0    0     0     0 1567  462  2 10 88  0  0
 0  0 320480  65308  23288 375736    0    0     0    20 1057  434  2  6 91  0  0
 0  0 320480  65308  23288 375736    0    0     0     0 1139  414  2 10 88  0  0
 0  0 320480  65308  23288 375740    0    0     0     0 1631  484  1 10 88  1  0
 0  0 320480  65308  23288 375740    0    0     0     0  957  362  2  6 92  0  0
 0  0 320480  65308  23288 375744    0    0     0     0 1222  423  1 13 86  0  0
 0  0 320480  65308  23296 375744    0    0     0    16 1418  426  3 10 87  0  0
 0  0 320480  65308  23296 375748    0    0     0     0  837  387  2  7 91  0  0
 0  0 320480  65308  23296 375748    0    0     0     0  933  380  2  6 92  0  0
 1  0 320480  65308  23296 375752    0    0     0     0 1401  472  1 11 88  0  0
 2  0 320480  65308  23296 375752    4    0     4     0 1329  367  2  4 93  0  0
 0  0 320480  65308  23304 375756    0    0     0    12 1283  435  2 10 88  0  0
 0  0 320480  65308  23304 375760    0    0     0     0 1755  471  2 10 87  0  0
 0  0 320480  65308  23304 375760    0    0     0     0 1036  370  1  7 92  0  0
 0  0 320480  65308  23304 375764    0    0     0     0 1195  433  4 10 86  0  0
 0  0 320480  65308  23304 375764    0    0     0     0 1845  459  3 11 85  0  0
 0  0 320480  65308  23312 375768    0    0     0    12 1235  404  2  6 90  1  0
 0  0 320480  65308  23312 375768    0    0     0     0 1264  479  3 10 87  0  0
 0  0 320480  65308  23312 375772    0    0     0     0 1425  454  1 13 86  0  0
 1  0 320480  65308  23312 375772    0    0     0     0 1223  383  1  4 95  0  0
 0  0 320480  65308  23312 375776    0    0     0     0 1513  539  2 17 81  0  0
 0  0 320480  65308  23320 375780    0    0     0    12 1313  495  2  9 89  0  0
 0  0 320480  65308  23320 375780    0    0     0     0  950  421  1  4 95  0  0
 0  0 320480  65308  23320 375784    0    0     0     0 1287  459  2  9 89  0  0
 0  0 320480  65308  23320 375784    0    0     0     0 1423  498  2 10 88  0  0
 0  0 320480  65308  23320 375788    0    0     0     0 1231  475  3  8 88  0  0
 0  0 320480  65308  23328 375788    0    0     0    12 1254  447  3 11 86  0  0
 0  0 320480  65308  23328 375792    0    0     0    72 1467  449  1 12 87  0  0
 0  0 320480  65308  23328 375792    0    0     0     0  917  382  2  7 91  0  0
 0  0 320480  65308  23328 375796    0    0     0     0 1379  421  2  9 89  0  0
 0  0 320480  65308  23328 375796    0    0     0     0 1085  418  2 10 88  0  0
 2  0 320480  65308  23336 375800    0    0     0    20  844  411  6  6 88  0  0
 0  0 320480  65308  23336 375800    0    0     0    12  891  436  0  7 93  0  0
 0  0 320480  65308  23336 375804    0    0     0     0  896  377  2  8 90  0  0
 0  0 320480  65308  23336 375804    0    0     0     0 1174  444  2  9 89  0  0
 0  0 320480  65308  23336 375808    0    0     0     0 1615  441  2 10 88  0  0
 0  0 320480  65308  23344 375800    0    0     0    12 1597  527  2 12 86  0  0
 0  0 320480  65308  23344 375812    0    0     0     0  980  402  2  5 93  0  0
 0  0 320480  65308  23344 375816    0    0     0     0 1253  416  2  8 90  0  0
 0  0 320480  65308  23344 375816    0    0     0     0 1603  473  3 11 85  0  0
 0  0 320480  65308  23344 375820    0    0     0     0  732  403  1  4 95  0  0
 0  0 320480  65308  23352 375820    0    0     0    40 1285  450  4 10 86  0  0
 0  0 320480  65308  23352 375824    0    0     0     0 1198  498  2 11 87  0  0
 0  0 320480  65308  23368 376732    8    0   916    48 1119 1010  6  9 84  1  0
 0  0 320480  65308  23368 376736    0    0     0     0 1674  472  5 11 84  0  0
 1  0 320480  65308  23368 376844    0    0   151     0 1071  491  1 15 84  0  0
 0  0 320480  65308  23368 376848    0    0     0     0  808  386  1  5 94  0  0
 0  0 320480  65308  23368 376848    0    0     0     0 1203  430  3  8 89  0  0
 0  0 320480  65308  23376 376852    0    0     0    52 1106  414  2  9 89  0  0
 0  0 320480  65308  23376 376856    0    0     0     0 1022  398  1  5 93  0  0
 0  0 320480  65308  23376 376856    0    0     0     0 1150  435  3  7 89  0  0
 0  0 320480  65308  23376 376860    0    0     0     0 1464  456  2 15 83  0  0
 0  0 320480  65308  23376 376860    0    0     0     0 1139  389  1  9 90  0  0
 0  0 320480  65308  23384 376864    4    0     4    12  970  504  3  8 88  1  0
 0  0 320480  65308  23384 376860    0    0     0     0  771  417  2  8 90  0  0
 0  0 320480  65308  23384 376864    0    0     0     0 1231  422  1  5 93  0  0
 0  0 320480  65308  23384 376864    0    0     0     0 1132  430  2  8 90  0  0
 0  0 320480  65308  23384 376868    0    0     0     0 1640  473  2 10 88  0  0
 1  0 320480  65308  23392 376868    0    0     0    92 1036  432  2  7 91  0  0
 0  0 320480  65308  23392 376872    0    0     0     0 1338  432  4  8 88  0  0
 0  0 320480  65308  23392 376876    0    0     0     0 1759  512  2 11 86  0  0
 1  0 320480  65308  23392 376876    0    0     0     0  984  426  4  6 89  0  0
 1  0 320480  65308  23392 376880    0    0     0     0 1383  428  2 10 88  0  0
 0  0 320480  65308  23400 376880    0    0     0    20 1306  510  4 15 81  0  0
 0  0 320480  65308  23400 376884    0    0     0     0 1367  465  2  9 89  0  0
 0  0 320480  65308  23400 376884    0    0     0     0 1535  434  2  9 89  0  0
 0  0 320480  65308  23400 376888    0    0     0     0 1270  495  3 10 87  0  0
 0  0 320480  65308  23400 376888    0    0     0     0 1102  452  3  6 91  0  0
 0  0 320480  65308  23408 376892    0    0     0    12  665  405  2  5 93  0  0
 0  0 320480  65308  23408 376892    0    0     0     0 1955  520  4 13 82  0  0
 0  0 320480  65308  23408 376896    4    0     4     0  983  383  1  7 91  0  0
 0  0 320480  65308  23408 376896    0    0     0     0 1164  396  2  9 89  0  0
 0  0 320480  65308  23408 376900    0    0     0     0 1665  492  2 14 84  0  0
 0  0 320480  65308  23416 376900    0    0     0   728  778  384  1  4 94  1  0
 0  0 320480  65308  23416 376904    0    0     0     0 1215  414  2  9 89  0  0
 0  0 320480  65308  23416 376908    0    0     0     0 1401  524  3 10 86  0  0
 0  0 320480  65308  23416 376908    0    0     0     0  758  387  1  7 92  0  0
 0  0 320480  65308  23416 376912    0    0     0     0 1409  442  4 10 85  0  0
 0  0 320480  65308  23424 376912    0    0     0    36 1050  477  2  9 88  1  0
 2  0 320480  65308  23424 376916    0    0     0     0 1552  390  2 10 88  0  0
 0  0 320480  65308  23424 376916    0    0     0     0 1093  422  2  8 90  0  0
 0  0 320480  65308  23424 376920    0    0     0     0  823  394  2  6 91  0  0
 2  0 320480  65308  23424 376920    0    0     0     0  971  406  2  6 92  0  0
 0  0 320480  65308  23432 376924    0    0     0    12 1234  464  4 11 85  0  0
 0  0 320480  65308  23432 376928    0    0     0     0 1933  508  2 10 88  0  0
 2  0 320480  65308  23432 376928    0    0     0     0 1012  385  2  4 94  0  0
 0  0 320480  65308  23432 376932    0    0     0     0  841  403  3  7 90  0  0
 0  0 320480  65308  23432 376932    0    0     0     0 1180  411  2  5 92  0  0
 0  0 320480  65308  23440 376936    0    0     0    12 1775  469  3 12 84  1  0
 0  0 320480  65308  23440 376936    0    0     0    72 1019  393  2  7 90  0  0
 0  0 320480  65308  23440 376940    0    0     0     0 1374  460  3 11 86  0  0
 0  0 320480  65308  23440 376940    0    0     0     0 1944  561  8 15 77  0  0
 0  0 320480  65308  23440 376944    0    0     0     0  775  414  1  7 92  0  0
 0  0 320480  65308  23448 376944    0    0     0    20 1264  477  1 12 87  0  0
 0  0 320480  65308  23448 376948    0    0     0     0 1082  426  3  9 87  0  0
 0  0 320480  65308  23448 376948    0    0     0     0 1350  395  2  8 90  0  0
 0  0 320480  65308  23448 376952    0    0     0     0 1684  470  4 10 86  0  0
 1  0 320480  65308  23448 376952    0    0     0     0 1260  479  4  9 87  0  0
 0  0 320480  65308  23456 376956    0    0     0    12  784  399  2  6 92  0  0
 0  0 320480  65308  23456 376960    0    0     0     0 1153  462  2  9 89  0  0
 0  0 320480  65308  23456 376960    0    0     0     0 1093  416  3  8 89  0  0
 0  0 320480  65308  23456 376964    0    0     0     0 1289  383  3 12 85  0  0
 0  0 320480  65308  23456 376964    0    0     0     0 1887  490  3 12 84  0  0
 0  0 320480  65308  23464 376968    0    0     0    12 1101  432  1  7 92  0  0
 0  0 320480  65308  23464 376968    0    0     0     0 1053  364  1  6 93  0  0
 0  0 320480  65308  23464 376972    0    0     0     0 2054  523  3 13 83  0  0
 2  0 320480  65308  23464 376972    0    0     0     0 1381  398  2  8 89  0  0
 0  0 320480  65308  23464 376976    0    0     0     0 1078  413  2  7 91  0  0
 0  0 320480  65308  23472 376968    0    0     0    12 1446  450  1  8 91  0  0
 0  0 320480  65308  23472 376980    0    0     0    32 1254  398  2  9 89  0  0
 0  0 320480  65308  23472 376984    0    0     0     0 1354  423  2  8 90  0  0
 0  0 320480  65308  23472 376984    0    0     0     0 1249  465  4  8 88  0  0
 0  0 320480  65308  23472 376988    0    0     0     0 1199  476  3  7 89  0  0
 0  0 320480  65308  23480 376980    0    0     0    12  977  442  4  3 91  1  0
 0  0 320480  65308  23480 376992    0    0     0     0 1229  444  1  8 91  0  0
 0  0 320480  65308  23480 376992    0    0     0     0 1095  387  2  6 91  0  0
 0  0 320480  65308  23480 376996    0    0     0     0 1569  438  1 10 89  0  0
 0  0 320480  65308  23480 376996    0    0     0     0 1537  460  2 10 88  0  0
 0  0 320480  65308  23488 377000    0    0     0    12 1334  444  2  8 90  0  0
 0  0 320480  65308  23488 377000    0    0     0    68 1055  431  2  7 91  0  0
 0  0 320480  65308  23488 377004    0    0     0     0 1496  454  4  9 87  0  0
 0  0 320480  65308  23488 377004    0    0     0     0 1072  362  2  5 93  0  0
 0  0 320480  65308  23488 377008    0    0     0     0 1585  454  2 11 87  0  0
 0  0 320480  65308  23488 377012    0    0     0     0 1811  460  3 15 82  0  0
 0  0 320480  65308  23496 377012    0    0     0    20 1366  447  2  8 90  0  0
 1  0 320480  65308  23496 377016    0    0     0     0 1511  425  3  9 88  0  0
 0  0 320480  65308  23496 377016    0    0     0     0 1550  489  1 14 85  0  0
 0  0 320480  65308  23496 377020    0    0     0     0 1173  469  2  9 88  0  0
 1  0 320480  65308  23496 377020    0    0     0     0  855  386  2  5 93  0  0
 1  0 320480  65308  23504 377024    0    0     0    12 1592  479  1 11 88  0  0
 0  0 320480  65308  23504 377024    4    0     4     0 1141  420  3  7 89  0  0
 0  0 320480  65308  23504 377028    0    0     0     0  772  359  1  4 95  0  0
 0  0 320480  65308  23504 377028    0    0     0     0 1632  507  1 15 84  0  0
 0  0 320480  65308  23504 377032    0    0     0     0  953  426  3  7 90  0  0
 0  0 320480  65308  23512 377032    0    0     0    12 1371  427  2 11 86  1  0
 0  0 320480  65308  23512 377036    0    0     0     0 1431  510  1 15 84  0  0
 0  0 320480  65308  23512 377040    0    0     0     0 1238  438  2  9 89  0  0
 0  0 320480  65308  23512 377040    0    0     0     0 1060  357  1  7 91  0  0
 0  0 320480  65308  23512 377044    0    0     0     0 1268  483  3 11 86  0  0
 0  0 320480  65308  23520 377044    0    0     0    12 1057  409  2  4 94  0  0
 0  0 320480  65308  23520 377048    0    0     0     0 1178  397  2  9 89  0  0
 0  0 320480  65308  23520 377048    0    0     0     0 1092  482  2 10 88  0  0
 0  0 320480  65308  23532 377284   68    0   184     0 1325  563  2  9 88  1  0
 0  0 320480  65308  23532 377284    0    0     0     0 1031  434  2  7 90  0  0
 2  0 320480  65308  23540 377288    0    0     0    40 1283  505  2 11 87  0  0
 0  0 320480  65308  23540 377292    0    0     0     0 1284  441  2  7 91  0  0
 0  0 320480  65308  23540 377292    0    0     0     0 1582  442  2 11 87  0  0
 0  0 320480  65308  23540 377292    0    0     0     0  939  419  2  6 92  0  0
 0  0 320480  65308  23540 377296    0    0     0     0 1169  419  2  7 90  0  0
 0  0 320480  65308  23548 377300    0    0     0    12 1045  456  3  7 90  0  0
 0  0 320480  65308  23548 377300    0    0     0    72 1472  502  2 10 88  0  0
 0  0 320480  65308  23548 377304    0    0     0     0 1153  427  4  7 89  0  0
 0  0 320480  65308  23548 377304    0    0     0     0 1223  464  2  5 92  0  0
 0  0 320480  65308  23548 377308    0    0     0     0 1874  478  2 14 84  0  0
 0  0 320480  65308  23556 377308    0    0     0    20  965  405  2  6 92  0  0
 0  0 320480  65308  23556 377312    0    0     0    36  802  387  2  5 93  0  0
 0  0 320480  65308  23556 377312    0    0     0     0  858  421  2  7 91  0  0
 0  0 320480  65308  23556 377316    0    0     0     0  823  430  1  6 92  0  0
 0  0 320480  65308  23556 377316    0    0     0     0  988  382  2  7 91  0  0
 0  0 320480  65308  23564 377320    0    0     0    12 1486  440  1  9 90  0  0
 0  0 320480  65308  23564 377320    0    0     0     0 1266  453  2  8 90  0  0
 0  0 320480  65308  23564 377324    0    0     0     0  869  396  3  7 90  0  0
 0  0 320480  65308  23564 377328    0    0     0     0 1052  435  0  7 93  0  0
 0  0 320480  65308  23564 377328    0    0     0     0 1175  423  2  8 89  0  0
 0  0 320480  65308  23572 377332    0    0     0    12 1414  430  2 10 88  0  0
 0  0 320480  65308  23572 377332    0    0     0     0  956  468  1  5 93  0  0
 0  0 320480  65308  23572 377336    0    0     0     0 1115  427  2  7 91  0  0
 0  0 320480  65308  23572 377336    0    0     0     0 1195  414  1  9 90  0  0
 0  0 320480  65308  23572 377340    0    0     0     0 1841  560  2 12 86  0  0
 0  0 320480  65308  23580 377340    0    0     0    12  672  405  1  6 93  0  0
 0  0 320480  65308  23580 377344    0    0     0     0  656  380  2  4 94  0  0
 0  0 320480  65308  23596 377344    0    0     0   220 1864  580  3 14 82  1  0
 0  0 320480  65308  23596 377348    0    0     0     0  840  407  2  5 93  0  0
 0  0 320480  65308  23596 377352    0    0     0     0 1254  423  1  7 92  0  0
 0  0 320480  65308  23596 377352    0    0     0     0 1663  495  3 10 87  0  0
 0  0 320480  65308  23596 377356    0    0     0     0  890  415  1  6 93  0  0
 0  0 320480  65308  23604 377356    0    0     0    20 1249  428  2  8 90  0  0
 0  0 320480  65308  23604 377360    0    0     0     0 1361  472  3  9 88  0  0
 0  0 320480  65308  23604 377360    0    0     0     0 1484  408  2 11 87  0  0
 0  0 320480  65308  23604 377364    0    0     0     0 1192  426  2  8 90  0  0
 0  0 320480  65308  23604 377364    0    0     0     0 1313  456  2 11 87  0  0
 0  0 320480  65308  23612 377368    0    0     0    92 1373  425  0  9 91  0  0
 0  0 320480  65308  23612 377368    0    0     0     0  986  467  2  5 92  0  0
 0  0 320480  65308  23612 377372    0    0     0     0 1153  455  2  9 89  0  0
 0  0 320480  65308  23612 377372    0    0     0     0 1154  403  2  7 91  0  0
 0  0 320480  65308  23612 377376    0    0     0     0  814  404  2  5 93  0  0
 0  0 320480  65308  23620 377372    0    0     0    12 1840  482  2 11 86  1  0
 0  0 320480  65308  23620 377380    0    0     0     0  789  429  1  6 93  0  0
 0  0 320480  65308  23620 377384    0    0     0     0 1082  418  1  5 93  0  0
 0  0 320480  65308  23620 377384    0    0     0     0 1414  440  2 11 87  0  0
 0  0 320480  65308  23620 377388    0    0     0     0 1184  441  1  8 91  0  0
 0  0 320480  65308  23628 377380    0    0     0    12 1505  450  3  9 88  0  0
 0  0 320480  65308  23628 377392    0    0     0     0 1062  429  0  9 91  0  0
 0  0 320480  65308  23628 377396    0    0     0     0 1296  432  2  9 89  0  0
 0  0 320480  65308  23628 377396    0    0     0     0 1003  383  0  8 92  0  0
 0  0 320480  65308  23628 377396    0    0     0     0 1057  443  2  9 89  0  0
 0  0 320480  65308  23636 377400    0    0     0    12 1647  483  2 10 88  0  0
 0  0 320480  65308  23636 377404    0    0     0     0  897  432  2  4 94  0  0
 0  0 320480  65308  23636 377404    0    0     0     0 1446  476  2 12 86  0  0
 0  0 320480  65308  23636 377408    0    0     0     0 1273  459  2  5 92  0  0
 0  0 320480  65308  23636 377408    0    0     0     0 1333  434  2 12 86  0  0
 0  0 320480  65308  23644 377404    0    0     0    12 1224  526  2 10 87  1  0
 0  0 320480  65308  23644 377412    0    0     0     0  907  391  1  6 92  0  0
 0  0 320480  65308  23644 377416    0    0     0     0 1059  398  2  8 90  0  0
 0  0 320480  65308  23644 377416    0    0     0     0 1155  454  2  8 89  0  0
 0  0 320480  65308  23644 377420    0    0     0     0 1103  399  3  6 90  0  0
 0  0 320480  65308  23652 377420    0    0     0    28 1314  392  2 10 88  0  0
 0  0 320480  65308  23652 377424    0    0     0     0 1207  485  2 10 88  0  0
 0  0 320480  65308  23652 377424    0    0     0     0  936  419  3  7 89  0  0
 0  0 320480  65308  23652 377428    0    0     0     0 1232  440  2  7 91  0  0
 0  0 320480  65308  23652 377432    0    0     0     0 1637  498  2 13 84  0  0
 0  0 320480  65308  23652 377432    0    0     0    68 1136  446  5  6 88  0  0
 0  0 320480  65308  23660 377436    0    0     0    20  989  447  2  7 91  0  0
 0  0 320480  65308  23660 377436    0    0     0     0 1360  487  1 12 87  0  0
 0  0 320480  65308  23660 377440    0    0     0     0 1193  416  2  8 89  0  0
 0  0 320480  65308  23660 377440    0    0     0     0 1283  398  2  7 91  0  0
 0  0 320480  65308  23660 377444    0    0     0     0 1585  464  2 12 86  0  0
 0  0 320480  65308  23668 377444    0    0     0    12 1004  447  2  6 91  0  0
 0  0 320480  65308  23668 377448    0    0     0     0  810  408  2  3 95  0  0
 2  0 320480  65308  23668 377448    0    0     0     0 1455  435  2  9 89  0  0
 0  0 320480  65308  23668 377452    0    0     0     0 1457  506  3 13 84  0  0
 0  0 320480  65308  23668 377452    0    0     0     0 1065  467  2  9 88  0  0
 0  0 320480  65308  23676 377456    0    0     0    12 1462  495  2 11 87  0  0
 0  0 320480  65308  23676 377460    0    0     0     0 1232  452  1 12 87  0  0
 0  0 320480  65308  23676 377460    0    0     0     0 1546  459  2 12 86  0  0
 0  0 320480  65308  23676 377464    0    0     0     0 1009  434  2  6 91  0  0
 0  0 320480  65308  23676 377464    0    0     0     0 1274  403  2  9 89  0  0
 0  0 320480  65308  23684 377468    0    0     0    12 1044  421  2  4 94  0  0
 0  0 320480  65308  23684 377468    0    0     0     0  686  427  3  7 90  0  0
 0  0 320480  65308  23684 377472    0    0     0     0  999  428  2  7 90  0  0
 0  0 320480  65308  23684 377472    0    0     0     0 1219  379  2  9 89  0  0
 0  0 320480  65308  23684 377476    0    0     0     0 1660  491  3 13 84  0  0
 0  0 320480  65308  23692 377476    0    0     0    12 1842  481  4 11 84  0  0
 0  0 320480  65308  23692 377480    0    0     0     0 1177  405  1  8 91  0  0
 0  0 320480  65308  23692 377484    0    0     0     0 1194  448  3  9 88  0  0
 0  0 320480  65308  23692 377484    0    0     0     0 1341  434  2 12 86  0  0
 0  0 320480  65308  23692 377488    0    0     0     0 1390  441  3 10 87  0  0
 0  0 320480  65308  23700 377488    0    0     0    12 1895  529  2 10 87  1  0
 0  0 320480  65308  23700 377492    0    0     0     0 1319  381  2  6 91  0  0
 0  0 320480  65308  23700 377492    0    0     0     0  898  403  1  9 90  0  0
 0  0 320480  65308  23700 377496    0    0     0     0 1403  483  2 11 87  0  0
 0  0 320480  65308  23700 377496    0    0     0     0 1267  414  3 11 86  0  0
 0  0 320480  65308  23708 377500    0    0     0    84 1285  434  2 10 88  0  0
 1  0 320480  65308  23708 377500    0    0     0     0 1429  471  2  8 90  0  0
 0  0 320480  65308  23708 377504    0    0     0     0 1169  429  2  8 90  0  0
 0  0 320480  65308  23708 377508    0    0     0     0  676  437  1  4 95  0  0
 0  0 320480  65308  23708 377508    0    0     0     0 1691  488  3 10 87  0  0
 0  0 320480  65308  23716 377512    0    0     0    20 1184  467  1  7 92  0  0
 0  0 320224  65308  23716 377512   20    0    20     0 1378 1274 14 13 72  0  0
 0  0 320224  65308  23716 377516    0    0     0     0 1605 1103 13 14 73  0  0
 1  0 320224  65308  23716 377516    0    0     0     0 1328 1006 10 11 79  0  0
 0  0 320224  65308  23716 377516    0    0     0     0  389  624  9  3 88  0  0
 0  0 320224  65308  23724 377516    0    0     0    12  401  696  6  3 91  0  0
 0  0 320224  65308  23724 377516    0    0     0     0  398  722  5  2 93  0  0
 0  0 320224  65308  23724 377516    0    0     0     0  354  605  5  1 94  0  0
 0  0 320224  65308  23724 377516    0    0     0     0  334  584  4  0 96  0  0
 0  0 320224  65308  23724 377516    0    0     0     0  266  477  4  0 96  0  0
 0  0 320224  65308  23724 377516    0    0     0     0  233  384  1  0 99  0  0
 1  0 320224  65308  23724 377528   24    0    32     0  376 1505 36  1 63  0  0
 1  0 320224  65308  23724 377528    0    0     0     0   82  147  1  0 99  0  0
 0  0 320224  65308  23724 377528    0    0     0     0   92  141  0  0 100  0  0
 0  0 320224  65308  23724 377528    4    0     4     0  127  372  5  0 95  0  0
 0  0 320224  65308  23724 377528    0    0     0     0   81  140  0  1 99  0  0
 0  0 320224  65308  23724 377528    0    0     0     0   75  129  0  0 100  0  0
 0  0 320224  65308  23724 377528    0    0     0     0   75  137  0  0 100  0  0
 0  0 320224  65308  23724 377528    0    0     0     0   82  138  0  0 100  0  0
 0  0 320224  65308  23724 377528    0    0     0     0   74  125  0  0 100  0  0
 0  0 320224  65308  23724 377528    0    0     0     0   88  149  0  0 99  1  0
 0  0 320224  65308  23724 377528    0    0     0     0   91  139  0  0 100  0  0
 0  0 320224  65308  23724 377528    0    0     0     0   85  140  0  0 100  0  0
 0  0 320224  65308  23724 377528    0    0     0     0   73  128  0  0 100  0  0
 0  0 320224  65308  23724 377528    0    0     0     0   81  137  0  0 100  0  0
 0  0 320224  65308  23724 377528    0    0     0     0  102  151  0  0 100  0  0
 0  0 320224  65308  23724 377528    0    0     0    20  104  148  0  0 100  0  0
 0  0 320224  65308  23724 377528    0    0     0     0   76  127  0  0 100  0  0
 0  0 320224  65308  23724 377528    0    0     0     0   67  120  0  0 100  0  0
 0  0 320224  65308  23724 377528    0    0     0     0   91  135  0  0 100  0  0
 0  0 320224  65308  23724 377528    0    0     0     0   95  151  0  0 100  0  0
 0  0 320224  65308  23732 377528    0    0     0    20   73  133  0  0 100  0  0
 1  0 320224  65308  23732 377528    0    0     0     0   76  129  0  0 100  0  0
 0  0 320224  65308  23732 377528    0    0     0     0   82  141  0  0 100  0  0
 0  0 320224  65308  23732 377528    0    0     0     0   88  142  0  0 100  0  0
 0  0 320224  65308  23732 377528    0    0     0     0   85  140  0  0 100  0  0
 0  0 320224  65308  23732 377528    0    0     0     0   82  127  0  0 100  0  0
 0  0 320224  65308  23732 377528    0    0     0     0   95  146  0  0 100  0  0
 0  0 320224  65308  23732 377528    0    0     0     0   77  137  0  0 100  0  0
 0  0 320224  65308  23740 378276   56    0   792    48  643 1950 33  9 57  1  0
 0  0 320224  65308  23740 378276    0    0     0     0  225  446  1  1 98  0  0
 0  0 320224  65308  23740 378276    0    0     0     0  133  375  3  0 97  0  0
 4  0 320224  64552  23748 378996  140    0   848   100  424 3973 52  7 40  1  0
 1  0 319968  64300  23748 379040  136    0   184     0  729 10551 90 10  0  0  0
 0  0 319968  64300  23748 379044   12    0    12     0  499 1401 63  4 33  0  0
 0  0 319968  64300  23748 379044    0    0     0     0  148  323  2  0 98  0  0
 0  0 319968  64300  23748 379044    0    0     0     0  133  246  2  1 97  0  0
 0  0 319968  64300  23756 379036    0    0     0    24  130  277  2  0 98  0  0
 0  0 319968  64300  23756 379044    0    0     0     0  141  259  2  0 98  0  0

